0.18928482478155786
0.2856457619564551
0.3107109690124408
0.33922698728868866
0.31684951504033954
0.293142621383345
0.29872729778527213
0.3021867010245003
0.3031387185606826
0.30497763613127593
0.3071508652093578
0.304455383063842
0.31328582486462353
0.3070719612857292
0.31527302323966444
0.31366772765172035
0.3224228972467738
0.31268423047959526
0.3226793111995131
0.3244386495864683
0.3280634335507637
0.32741982824741506
0.32883664505645865
0.32553667637533823
0.33027569943674623
0.337557470766614
0.33648740298320157
0.3315808242095097
0.33317341826818225
0.3351118657667321
0.33376911347371313
0.33507148983466795
0.33411576721795444
0.33932859524872505
0.3375677306603265
0.34259229539683034
0.33945027638533704
0.3429548137275413
0.33988944164651846
0.34330342466064884
0.3427923540929539
0.33981098595913933
0.34885838468201774
0.3443566009963768
0.3437959238139733
0.3429982571693761
0.34836713028730937
0.34768912508465183
0.34605264875525527
0.34618725674141543
0.3526214551309421
0.34781660691777044
0.3510691765247952
0.3525497789011715
0.35748993566053927
0.35517648338273083
0.3551602364845075
0.3552891342974098
0.35880154456368274
0.3604638440588383
0.36077890478851193
0.36517014116429014
0.3622665976105011
0.36123752512163765
0.3647543587279726
0.36589363473001085
0.36766336346827305
0.3745080572117391
0.3757633865890094
0.36890914305609007
0.3723393094016388
0.376748447543459
0.37842660517073345
0.37922415762127315
0.37935174665295246
0.38213939109199063
0.3813204943516762
0.3831093827840407
0.38074830687956
0.3805753184545393
0.3852068772576292
0.3849256597334696
0.3867986412203482
0.3858084996114023
0.3858301510770623
0.3862855502593404
0.39369556458496113
0.3855046335505321
0.3874959973235659
0.39085221764868905
0.38993268539726667
0.3949145099260154
0.3935710160836009
0.39429875805063075
0.3959656288788422
0.3945621092709621
0.3964727692522726
0.3953632962217163
0.3984230310698663
0.39597923412428626
0.3967379411014984
0.3999702905650233
0.3972192771403018
0.398324633906894
0.39976759758969843
0.39894116316271727
0.4021494584587864
0.4035828612799496
0.40120123127296253
0.4019937925714938
0.4027868582763392
0.40161605334548284
0.4033287226274939
0.4072479350765909
0.4063042934122716
0.40644311403531014
0.4068088662748252
0.4031639680189783
0.4058650902912964
0.4067164020954895
0.40649261517534546
0.40502649349715036
0.40968150704291184
0.41072854352459265
0.40807131188940066
0.4093546908011766
0.41091429184494194
0.4134928408646226
0.41194848501457576
0.4068497730074057
0.41091345358588105
0.4103834516287679
0.4134716125439418
0.41157428894600434
0.4143167384289451
0.408837453292249
0.4157096880848763
0.41387021194153994
0.408817167790722
0.41467615575204525
0.41572355371410374
0.4108663973637937
0.41451423634047224
0.41238520043752486
0.4149726976270358
0.41600821236079605
0.41762550271279947
0.4171796340607501
0.41613695019535457
0.4182182042101866
0.4197328319493532
0.4190455073849751
0.4153584589524575
0.41827145253652415
0.41831824716745947
0.4198994227455334
0.41615444805188667
0.4215025575241263
0.4176531295075292
0.4223112823587179
0.4178435148580841
0.41877409391950504
0.4222805432264767
0.42191846533058064
0.4221643776603353
0.4213738212209395
0.4208222527911812
0.41895761792623437
0.4231834311431114
0.42132771590615964
0.4208989645789723
0.42022240711329295
0.423206096706294
0.4234017617465112
0.4248156561454029
0.42227119586750045
0.42212618576611316
0.4234174111809138
0.4219456744889671
0.42173513709691207
0.42653502642552155
0.42422849533580304
0.4227243822279376
0.42479921547783156
0.4246697859246123
0.4237115684563881
0.42354829753418566
0.4248332863340734
0.428594107666599
0.42387956974858315
0.42563687414496315
0.42425387218548705
0.42494214198466246
0.42502983488304574
0.4261096679020809
0.4281674680904946
0.4291076490371894
0.4294228269590751
0.4240472052909907
0.42537245908139043
0.4262728002252281
0.4311833862328707
0.42682617913689
0.4274042378693591
0.4257335716802666
0.4306902875475107
0.43026033126311825
0.427414081276881
0.42937580212844795
0.4287018486350807
0.4281113089058571
0.4266758505199089
0.42920211535234404
0.4301545307558976
0.42850771476015076
0.42913844796508466
0.4310815361213063
0.4330243870428114
0.42848048691393376
0.4313868678152211
0.4300309817341755
0.4289129910148531
0.4307047552351751
0.431600405668772
0.430496186772827
0.4304745940337984
0.43083791971140556
0.4306802392037167
0.4319949251061279
0.4331452376408448
0.4305377295665684
0.4296690153751032
0.4313879990660925
0.4319412514233005
0.4308741367238123
0.4319723660973503
0.4326847862648839
0.4327107094292618
0.42798747273549315
0.4309942273645214
0.43332977044606136
0.4309374120573531
0.43393584851576006
0.4304956467009262
0.4334887417681716
0.4334928925882164
0.4336563342424025
0.4332532891746461
0.4332233392554153
0.43382975665239965
0.43281138184205065
0.4329299075734178
0.43241881466075044
0.4340492452652036
0.4329769329057268
0.43449983902596157
0.4334451444892163
0.4320445126316368
0.4329804954282906
0.4327501174663143
0.4333338531426235
0.4326574524721635
0.4343004296951093
0.43398695567549683
0.4327154926624817
0.4312399533624553
0.434525274315959
0.4337000457191219
0.4330043082847419
0.4333242614673204
0.43403649777410447
0.43501493886266934
0.43286679504127806
0.43437204274498675
0.434333501746869
0.4340329915058651
0.4332415522484744
0.43361347016474555
0.43470700805074786
0.4334871354823818
0.4337386496110095
0.43263534755399086
0.4331565605405426
0.4344954103354463
0.4352078104911379
0.4347951320151021
0.43462156933128143
0.43423542585927527
0.43390895802136503
0.4352937564390441
0.43482988964172875
0.43346852545187076
0.4330385106677514
0.43553909255180046
0.4339979401729594
0.43481811623694666
0.43337833643314533
0.43418480867006937
0.43485694363320826
0.43395685004393103
0.43552014517560667
0.43485263163143173
0.4347328631012536
0.43413794920395693
0.43579492626303845
0.43458462625450783
0.4358718001550249
0.43467315303660237
0.435234168492879
0.4351844416435098
0.4348583664405788
0.4353420691360782
0.43599515248580933
0.4341928635972575
0.4348784380306516
0.4345879330276716
0.43420153117656823
0.43467518834280117
0.43453803433513416
0.43488072866346245
0.4362276744516455
0.43542605650524663
0.43467992502291536
0.4330021793538867
0.43409518118542406
0.4357552085993341
0.4352240768457173
0.4345821203785469
0.4348830621775848
0.43529833315343475
0.4355255753317831
0.4342434435494768
0.4336978875559179
0.4351699383786999
0.4337547056344505
0.43341532566320556
0.43508976490659995
0.4355160836098257
0.43765483789869297
0.4354072712121569
0.4341186910242919
0.4363969547603709
0.43432601707739327
0.43621880910140226
0.43490268179416486
0.43577106576231844
0.4352697626479115
0.4345409783329216
0.43466826267401004
0.43575547727903813
0.4349880538207835
0.43540472352461984
0.4352410121140857
0.4349719885644073
0.435112129173304
0.4350494875292304
0.43631342607835494
0.43569758033194905
0.43540538988533495
0.4366400401677326
0.43500208845307775
0.43593596106618576
0.43636625019188285
0.43480104169161493
0.43615525851053144
0.43601597400322395
0.4366006118079934
0.4356004135185879
0.43662008892125614
0.43567861161526444
0.43496890934641835
0.43555727968782965
0.43661156968113546
0.43567816912600804
0.43702556629101497
0.4358634378687864
0.43590941162402563
0.4372171129319699
0.43564475532916624
0.4363133726315135
0.4357215419698307
0.43529264592891137
0.43697736259210496
0.434872177594168
0.4368505055080513
0.43609378972575097
0.4359414375963857
0.43748255805713604
0.4358554894182257
0.4358675899463354
0.4354072389236329
0.4350381879249584
0.4352224494145589
0.43617264085014834
0.43724245774779125
0.4365409238102713
0.4356808640195174
0.4372824725691073
0.43598007050959037
0.4363706025717069
0.4347410403639837
0.43549873976322306
0.43577883076505386
0.4356361603272492
0.4357922089683423
0.4364687527580641
0.43703542368397374
0.43645854777883686
0.4380833897127822
0.43773343950239074
0.4361381808960011
0.4362534830715905
0.43667990965264164
0.43522253755357315
0.4362299072352959
0.4366734144194314
0.43578994913693664
0.4360422814099529
0.43636440757950146
0.4367668710906815
0.43803167904112067
0.43639945118259943
0.43643889721217066
0.4362463522278012
0.4376446003730471
0.43741883246002683
0.43684071847228695
0.4364062509785555
0.4387487991567837
0.43684050786132195
0.4368241922735581
0.4364688196563765
0.4377804396046228
0.4382699636107441
0.43684800679001545
0.43874898289938746
0.43737777954109974
0.43778853092972025
0.4373529535659146
0.43827171865857967
0.43621315847017217
0.43656268008196
0.43623064554849494
0.43728915148034125
0.4378221206557673
0.4366964301845184
0.4374566906243981
0.4358050006136454
0.43677327968945623
0.43736812930128555
0.43714905244339997
0.4372566437397996
0.43680819694726386
0.4367391081276474
0.4372431913054332
0.43670212793941016
0.4358449380011844
0.4367703565825104
0.4373984185844749
0.4374123369286253
0.4375674081902141
0.43660397146763014
0.4373701028215638
0.4378320393737189
0.4374016143947626
0.43749502154652886
0.4379437417505171
0.43812528774613124
0.43742342589039224
0.4370058758076437
0.43797166758551226
0.4376791217836471
0.4378321065276045
0.4370750250855762
0.4387183104277866
0.43775452465880693
0.4369555416869331
0.4377077230655895
0.43885363646437814
0.43755966059095297
0.4376661735853436
0.43689252365876624
0.43824564830300394
0.4367338778071415
0.4384739541286981
0.43690028988380547
0.4370966094364669
0.43730911283382506
0.4382513441291269
0.43791104066918307
0.4368759780554725
0.4380494899765345
0.43723110752959804
0.4377962625460493
0.4377170957321024
0.4365908634564971
0.4370947581542748
0.43807866248408006
0.4379136112897769
0.43648748697199896
0.4378178980388266
0.43700410651649113
0.4370969228445385
0.43870815437613836
0.43752922308951697
0.4366751688088435
0.4364790286685379
0.4373880733125497
0.43667224125740783
0.4370697191885654
0.4383039970188973
0.43786310692602753
0.4375713400919677
0.4377550565817644
0.43769679125680067
0.43682190895565354
0.43854524081667046
0.4392163206315576
0.43670526385031766
0.4370354108776779
0.437637556950841
0.4376552183231491
0.4388093262399169
0.43768620510498923
0.43790136128596036
0.43805031579672554
0.4368656091636808
0.4375574109382318
0.4374012579345004
0.43739340314111796
0.4378426064922346
0.4381637105104382
0.4369726226158143
0.4372963323072854
0.4371004255764563
0.43706901342982546
0.4378453602604151
0.4395699682942743
0.4375450870739735
0.43792500076861574
0.4375847150817358
0.4377377874706711
0.4381976051598786
0.43766945025631315
0.437698330631907
0.43820191815090265
0.43811452856005334
0.43844357051818283
0.43797388646211927
0.43827073979465764
0.4376739360388492
0.43794040790506134
0.4381020715193229
0.43837809163281266
0.43766438232588395
0.43717868350709527
0.4376535131218499
0.4390845788172349
0.43689737049060506
0.4383765149353172
0.43835623614766495
0.4382257298642464
0.4398601834200494
0.43834490064095366
0.4377885449623774
0.43798381424531435
0.43879228953875443
0.4384407469512823
0.4385075868681371
0.43873151815064526
0.43803535259102727
0.43814942179825855
0.43735517429721604
0.4383039425519518
0.43845099823588285
0.4380301163103827
0.4392697678419007
0.43850237272256753
0.43816463437861397
0.4384728206138564
0.43786755516927967
0.43933098094424655
0.4383686773241747
0.43879365973146034
0.4391088139852059
0.4380645792256292
0.43843847410138137
0.43825496493941185
0.43899889910910334
0.4390299543303296
0.4387149111878061
0.43940721849744013
0.43881003410424324
0.4390456757467357
0.4373209308007677
0.4391645963915102
0.43830503608820554
0.43873584777457586
0.43927522158830434
0.4385984921248787
0.4386847365523187
0.4379656650245207
0.4390273765355218
0.43813455587044886
0.43850154666436064
0.4392104305593757
0.43917924397999775
0.4392328368284351
0.4386443652453078
0.43941645637606874
0.4392890846814519
0.4390611168041991
0.43867384615341115
0.43895574587556374
0.43901046744780475
0.43928668461469145
0.4386994701411023
0.43842063316589736
0.4382810067489119
0.4392494481806489
0.4389699271433774
0.4396133351151188
0.43773909764859925
0.43823690653806624
0.43839221530793626
0.43881822544467874
0.43825466680762193
0.4395516916368726
0.43833130389919
0.43884243877784673
0.43886240019845435
0.4384427991552497
0.43841936038251417
0.43868574657312875
0.43889031089651587
0.4383652119873465
0.4389325741422688
0.43851216358588646
0.4383591755833333
0.43809954732195233
0.4392028729296053
0.43792102364714813
0.4387877207329448
0.43852979855352453
0.43862884854722517
0.43854722095824816
0.4383124889523501
0.4389039794516286
0.43801466656579574
0.43846675488229525
0.43784134844028516
0.4381267283043736
0.4384854562241427
0.43875992146770904
0.4389495636201559
0.4389642341514758
0.43852366686340677
0.43833100951853454
0.4386795485051706
0.43841228276769484
0.43926679364728344
0.4386861062267173
0.43912388706226585
0.4393266397064346
0.4392798421204633
0.4386673498870851
0.4391359835449449
0.4391396123253801
0.4390050290788979
0.43839121207578263
0.43962211695512493
0.4390255618231142
0.43924972966343784
0.43793942847471357
0.4394711019202009
0.43858146264335107
0.4390021347256442
0.43942458225883707
0.4389325741422688
0.43843840744745527
0.4389436519990313
0.43896595932883586
0.4383891970551762
0.43891943958606233
0.4386051650333821
0.43831186247258613
0.43870320515150274
0.43896602990498795
0.43847288149970615
0.43898732945277913
0.43782932237894306
0.4383704509696634
0.4398194174914883
0.4385169928186815
0.43935478779237486
0.439339452345286
0.4388232970238458
0.43876250493247204
0.4385907227454664
0.438631066667101
0.43836514164489937
0.43907688190499267
0.4389144785520882
0.43906808196012787
0.4389970884173153
0.4386063864838031
0.43875393119735345
0.43919430210238325
0.4388538625877877
0.43863527435466193
0.4387911005875308
0.4384438468383219
0.43870266624231563
0.43900286546581785
0.43871497963685
0.4387658608723928
0.43879938711150696
0.43909651988731285
0.4391496014666901
0.43891151851111754
0.4391063504424212
0.43937626339045566
0.43893701593174755
0.4389495636201559
0.43869814464802614
0.43902693868031345
0.43903892895180047
0.43878345875860625
0.4390398895450527
0.4383471693882665
0.439008818908089
0.43899970543610506
0.438821960585254
0.43873295171797394
0.4386093608837439
0.4388147851268561
0.43858662152997385
0.43874838590357346
0.43922058182169743
0.43900234282799566
0.4390293547075071
0.4383732340234647
0.43882688881182885
0.43898575644632604
0.43854357161109564
0.43889213519649256
0.43923902961191646
0.43851175949170423
0.4390994116603376
0.4389369311098653
0.43919300128424765
0.4389891206224618
0.43880673266716735
0.43891881362850227
0.4389716432642071
0.43932108252028446
0.43916277819125127
0.4389178408019592
0.43900963461436127
0.4386410960981821
0.43841521279512324
0.4385514343201071
0.43851520831887786
0.43855641500023557
0.43854079325229933
0.4388480498308752
0.4389450639063084
0.43891810127524433
0.43881092473768674
0.43900608429989696
0.43906865641577636
0.43906865641577636
0.43909581436282363
0.4389067442192318
0.43899818225767245
0.4391300943951419
0.4390989409857961
0.4390840065934428
0.4391172790954165
0.43893589625311924
0.4387550747067437
0.43893589625311924
0.43870447188860473
0.43907496486275327
0.4392281209459112
0.43917128387825927
0.4391979075766187
0.4386834184138399
0.43910309022585575
0.4390773034113307
0.4389801153987606
0.4389755402063792
0.4389755402063792
0.4392953926478524
0.4390994116603376
0.4391263662422299
0.4389446373904858
0.43892972768390015
0.43936577869389376
0.4391263662422299
0.43915360907604367
0.4388552274991883
0.4390462204945687
0.43912781788924016
0.4391134177796046
0.43925251915750785
0.4389803167727631
0.439111778456155
0.43871154319317285
0.43874763873240047
0.4389863114921617
0.4389089640057519
0.4390417078401881
0.43901594485934636
0.43900608429989696
0.43888942607890663
0.43854428716739263
0.43882094407056627
0.43900608429989696
0.4390417078401881
0.4390269765161528
0.4389566214554685
0.4391659006439485
0.4388330844950007
0.43898861421975155
0.43869560001730845
0.438902441946119
0.43872129938113597
0.43910392581414653
0.43915123562887143
0.43884478082440354
0.4391302533654408
0.43876899164361755
0.43888427089452114
0.43928093398835133
0.4393185249041667
0.43910787364444515
0.43926680519126277
0.4390892310408911
0.4390204573349892
0.43902221734645636
0.4389342366102688
0.4389073495409453
0.4389342366102688
0.43882244702494194
0.4391505011083553
0.43923300446484964
0.4391659006439485
0.43901973446758563
0.43885966100951324
0.43913900937299405
0.43895230897515863
0.43923666586814236
0.43908835238873123
0.43937218709600884
0.439091470579582
0.43896870001747107
0.4393777480247794
0.43894047912088413
0.43917013424405965
0.4390956232228489
0.4391886193027873
0.4390623952577435
0.439149042836524
0.43920338209202303
0.4390541818440458
0.43922199068385565
0.43909977780180937
0.43932613085345945
0.4391806758920273
0.4388605692805386
0.438869130725511
0.4389269807964217
0.4388421801096664
0.4389013211582397
0.43870410330573567
0.4389169464796006
0.439276127912787
0.43905441962196684
0.4393882925892784
0.43923840168080136
0.43905173056152275
0.4392197669707561
0.4390891745388473
0.43891423287896203
0.4389803167727631
0.43913108299539355
0.43919090497786867
0.43931390386410163
0.4389919175874522
0.43932889741769265
0.4391520950325371
0.4389302034843947
0.43904721678230696
0.43910118309104035
0.4392250144875933
0.43901430693784826
0.43896502451483366
0.43892260882048934
0.43886991313313806
0.4390204573349892
0.4391326057452762
0.43898332208856555
0.43919492496592116
0.43919191378509087
0.43907909489376895
0.4390192786382655
0.43903846911989575
0.43920226075983326
0.4389412254546417
0.439104848151298
0.43922912376303713
0.439104848151298
0.4394514856716471
0.4391625455784074
0.4391625455784074
0.4393091172733896
0.4391849542075371
0.439135168459113
0.4390081631097862
0.43899348818123696
0.4393185249041667
0.43942452795262954
0.43894307964066187
0.43909022887438454
0.43923726935170854
0.4391680685916022
0.43916322371190797
0.43919492496592116
0.439070666123257
0.43922912376303713
0.43922912376303713
0.43894005280134607
0.43900554364456595
0.4390825202126733
0.4390697466544125
0.4389851052638248
0.4391167037271761
0.43890456069129946
0.43905054204201077
0.4391744013777884
0.4391744013777884
0.43922912376303713
0.43920226075983326
0.43925995652124283
0.43925995652124283
0.43905054204201077
0.4389387327766753
0.43923726935170854
0.4391093981621577
0.439070666123257
0.43895386639790307
0.43913176846068447
0.439104848151298
0.43923639731702696
0.4389655495179987
0.4392640627747654
0.4390627977551108
0.43910909563464834
0.4391954381709296
0.4392371965988232
0.4394458427071505
0.43913176846068447
0.4392211806509532
0.4393185249041667
0.4395007988574812
0.43933059242018146
0.4392184521054648
0.4392782099740223
0.43937622487906697
0.43919335121354847
0.4391954381709296
0.43922912376303713
0.43950968602717183
0.43929279376555946
0.43943883189648564
0.4393954299370978
0.43937622487906697
0.43912138577965115
0.4390944437957296
0.43923356725228824
0.4393182777084416
0.4392910655309734
0.43919335121354847
0.4393185249041667
0.43928736030840165
0.43929209467832503
0.439178594377776
0.439178594377776
0.4392600776655377
0.4389125061722252
0.43924516542555664
0.43904708549319066
0.4393177855104609
0.4393177855104609
0.43916710266861947
0.4393177855104609
0.4393177855104609
0.43920561873717157
0.43919478552265956
0.4391676487409399
0.4392803052052583
0.43916277819125127
0.43909689719383016
0.43899713488595754
0.4392211806509532
0.4393059972223393
0.4391552840816169
0.4390840092244305
0.4392654047238834
0.4391667729231677
0.43905485788629417
0.4391361497658994
0.4392910655309734
0.43910909563464834
0.4392640627747654
0.4394808997480254
0.4391938330296042
0.43912072047197165
0.43915192643391626
0.4391915047055552
0.4390942001610162
0.4389000611495288
0.4390697466544125
0.43921646829346245
0.4389919175874522
0.4389350496952826
0.43926623756715233
0.43915258073884433
0.4391209168663274
0.4391209168663274
0.4391209168663274
0.4390812919750307
0.4390812919750307
0.4390812919750307
0.4390236127915501
0.4391479352496537
0.4390236127915501
0.4391209168663274
0.43923300446484964
0.4391209168663274
0.4390236127915501
0.4391209168663274
0.4391209168663274
0.43913564768166297
0.4390236127915501
0.4391209168663274
0.43923300446484964
0.4390236127915501
0.4390236127915501
0.4392312648783368
0.4390812919750307
0.4392312648783368
0.4391736385870294
0.4392063871606195
0.4391209168663274
0.43923300446484964
0.4391209168663274
0.4390236127915501
0.4390462204945687
0.4390462204945687
0.4390812919750307
0.4390236127915501
0.4390236127915501
0.439178594377776
0.4392640627747654
0.439178594377776
0.4390812919750307
0.4392640627747654
0.43929070633138195
0.43929070633138195
0.43913564768166297
0.43913564768166297
0.43913564768166297
0.43913564768166297
0.43923300446484964
0.4390236127915501
0.43944986471347625
0.43913564768166297
0.4390236127915501
0.43913564768166297
0.43913929804666685
0.4390236127915501
0.43913564768166297
0.43926292922453725
0.43913564768166297
0.43913564768166297
0.43926292922453725
0.43913564768166297
0.43919335121354847
0.43913564768166297
0.43923300446484964
0.4391209168663274
0.43913564768166297
0.43913564768166297
0.43913564768166297
0.4390462204945687
0.43923300446484964
0.43923300446484964
0.43929070633138195
0.4392638364789851
0.43923300446484964
0.4391209168663274
0.439178594377776
0.4391209168663274
0.4391209168663274
0.43929070633138195
0.439178594377776
0.43929070633138195
0.43919335121354847
0.43929070633138195
0.43929070633138195
0.43919335121354847
0.4390812919750307
0.4390812919750307
0.4391209168663274
0.4391209168663274
0.43923300446484964
0.43929070633138195
0.4390892310408911
0.4390315517332359
0.4393603058117126
0.439178594377776
0.4391508980219744
0.4393603058117126
0.4393603058117126
0.4393603058117126
0.43941803217297365
0.43929070633138195
0.43923300446484964
0.43923300446484964
0.4395075892736437
0.43964290962343094
0.4397703812567737
0.439276127912787
0.4392482218947849
0.43934577692419674
0.4390090236215253
0.43923300446484964
0.43932855509221164
0.439455888547902
0.4392184521054648
0.43933059242018146
0.4395408845513081
0.4395156382341523
0.4395156382341523
0.4393882925892784
0.439178594377776
0.43941803217297365
0.43919274206505304
0.439250468048881
0.439178594377776
0.43920129196305446
0.4392709725275854
0.4391209168663274
0.4391209168663274
0.4392072631719079
0.4392482218947849
0.4393603058117126
0.4393603058117126
0.439178594377776
0.4393454116406345
0.4392482218947849
0.4392482218947849
0.4392482218947849
0.4392075635409979
0.4392482218947849
0.4391209168663274
0.4391209168663274
0.439178594377776
0.4392482218947849
0.4391209168663274
0.439178594377776
0.4392482218947849
0.4391209168663274
0.4393603058117126
0.4392482218947849
0.4391209168663274
0.4392482218947849
0.4392180902699719
0.4391060228641545
0.4391209168663274
0.4391209168663274
0.43923300446484964
0.4391209168663274
0.4393873987342945
0.4393454116406345
0.43923300446484964
0.4393048625089339
0.439334584531156
0.43923300446484964
0.4392180902699719
0.43923300446484964
0.4391209168663274
0.4391209168663274
0.4391209168663274
0.4391209168663274
0.4391209168663274
0.4392482218947849
0.4393603058117126
0.4391209168663274
0.4391209168663274
0.4391209168663274
0.4391209168663274
0.4392482218947849
0.4392482218947849
0.4392482218947849
0.4392482218947849
0.4393059238879842
0.4393603058117126
0.4392482218947849
0.439178594377776
0.4393603058117126
0.4393603058117126
0.4393603058117126
0.4393603058117126
0.4393603058117126
0.4392482218947849
0.4393603058117126
0.4392482218947849
0.4393603058117126
0.4393603058117126
0.4393603058117126
0.4393603058117126
0.4393603058117126
0.4392452407281439
0.439334584531156
0.4392452407281439
0.4392709725275854
0.4392072631719079
0.43922252049137267
0.43913322772769897
0.439095195442267
0.439334584531156
0.439334584531156
0.4391529231185585
0.439334584531156
0.43922252049137267
0.43922252049137267
0.4393923610707219
0.439334584531156
0.439334584531156
0.4392072631719079
0.4392072631719079
0.439095195442267
0.4391209168663274
0.439095195442267
0.439095195442267
0.43923300446484964
0.4392072631719079
0.4392072631719079
0.439095195442267
0.439095195442267
0.439095195442267
0.439095195442267
0.4392072631719079
0.4392072631719079
0.4392072631719079
0.4392072631719079
0.4392072631719079
0.4392072631719079
0.4392072631719079
0.4392072631719079
0.4391529231185585
0.4391529231185585
0.43919226599067535
0.4391529231185585
0.43919226599067535
0.4390802184677426
0.4390802184677426
0.4392072631719079
0.43925006703706926
0.43925006703706926
0.43925006703706926
0.4392650152093741
0.4391529231185585
0.4391529231185585
0.4391529231185585
0.4391529231185585
0.43925006703706926
0.439095195442267
0.4391529231185585
0.43919226599067535
0.4392072631719079
0.4392072631719079
0.4392072631719079
0.43919226599067535
0.43919226599067535
0.43919226599067535
0.43919226599067535
0.43919226599067535
0.4392072631719079
0.4392072631719079
0.43919226599067535
0.43919226599067535
0.43919226599067535
0.43919226599067535
0.43919226599067535
0.4392072631719079
0.43919226599067535
0.4392072631719079
0.43919226599067535
0.43919226599067535
0.43919226599067535
0.43919226599067535
0.43919226599067535
0.43919226599067535
0.4392072631719079
0.439095195442267
0.439095195442267
0.439095195442267
0.4392072631719079
0.4392072631719079
0.439095195442267
0.439095195442267
0.439095195442267
0.43931203890916537
0.439095195442267
0.439095195442267
0.439095195442267
0.4392072631719079
0.4392072631719079
0.4392072631719079
0.4392072631719079
0.4392072631719079
0.4392072631719079
0.4392072631719079
0.4392072631719079
0.4392072631719079
0.43919226599067535
0.4392072631719079
0.4392072631719079
0.4392072631719079
0.4392072631719079
0.4392072631719079
0.4392072631719079
0.4392072631719079
0.4392072631719079
0.4392072631719079
0.4392072631719079
0.4392072631719079
0.4392072631719079
0.4392072631719079
0.4392072631719079
0.4392072631719079
0.4392072631719079
0.4392072631719079
0.4392072631719079
0.4392072631719079
0.4392072631719079
0.4392072631719079
0.4392072631719079
0.4392072631719079
0.4392072631719079
0.4392072631719079
0.4392072631719079
0.43919226599067535
0.43919226599067535
0.43919226599067535
0.439095195442267
0.43919226599067535
0.43919226599067535
0.43919226599067535
0.43919226599067535
0.43919226599067535
0.4392072631719079
0.43919226599067535
0.4392072631719079
0.4390802184677426
0.4390802184677426
0.439095195442267
0.439095195442267
0.4390802184677426
0.439095195442267
0.4392072631719079
0.439095195442267
0.4392072631719079
0.439095195442267
0.4392072631719079
0.4392072631719079
0.4392072631719079
0.4392072631719079
0.4392072631719079
0.43923300446484964
0.4392072631719079
0.4392072631719079
0.43923300446484964
0.4392072631719079
0.4391435883063235
0.4392180902699719
0.43919226599067535
0.43919226599067535
0.4391028272984678
0.4391028272984678
0.43919226599067535
0.43919226599067535
0.43919226599067535
0.4392072631719079
0.43919226599067535
0.43919226599067535
0.43919226599067535
0.43919226599067535
0.43919226599067535
0.43919226599067535
0.43919226599067535
0.43919226599067535
0.43919226599067535
0.43919226599067535
0.43919226599067535
0.43919226599067535
0.43919226599067535
0.43919226599067535
0.43919226599067535
0.43919226599067535
0.43919226599067535
0.43919226599067535
0.43919226599067535
0.43919226599067535
0.43919226599067535
0.43919226599067535
0.43919226599067535
0.43919226599067535
0.43919226599067535
0.43919226599067535
0.4392072631719079
0.43919226599067535
0.43919226599067535
0.4392072631719079
0.43919226599067535
0.4392072631719079
0.43919226599067535
0.43919226599067535
0.4392072631719079
0.4392072631719079
0.4392072631719079
0.4392072631719079
0.4392072631719079
0.43919226599067535
0.4392072631719079
0.4392072631719079
0.4392072631719079
0.4392072631719079
0.4392072631719079
0.4392072631719079
0.4392072631719079
0.43919226599067535
0.4392072631719079
0.4392072631719079
0.4392072631719079
0.4392072631719079
0.4392072631719079
0.4392072631719079
0.4392072631719079
0.4392072631719079
0.4392072631719079
0.4392072631719079
0.43919226599067535
0.4392072631719079
0.4392072631719079
0.4392072631719079
0.439095195442267
0.439095195442267
0.439095195442267
0.439095195442267
0.4392072631719079
0.4392072631719079
0.4392072631719079
0.4392072631719079
0.4392072631719079
0.4392072631719079
0.4392072631719079
0.4392072631719079
0.4392072631719079
0.4392072631719079
0.4392072631719079
0.4392072631719079
0.4392072631719079
0.4392072631719079
0.4392072631719079
0.4392072631719079
0.4392072631719079
0.43919226599067535
0.4392072631719079
0.4392072631719079
0.4392072631719079
0.4392072631719079
0.4392072631719079
0.4392072631719079
0.4392072631719079
0.4392072631719079
0.4392072631719079
0.4392072631719079
0.4392072631719079
0.4392072631719079
0.4392072631719079
0.4392072631719079
0.4392072631719079
0.4392072631719079
0.4392072631719079
0.4392072631719079
0.4392072631719079
0.4392072631719079
0.4392072631719079
0.4392072631719079
0.4392072631719079
0.43919226599067535
0.4392072631719079
0.4392072631719079
0.4392072631719079
0.4392072631719079
0.4392072631719079
0.4392072631719079
0.4392072631719079
0.4392072631719079
0.4392072631719079
0.4392072631719079
0.4392072631719079
0.4392072631719079
0.4392072631719079
0.4392072631719079
0.4392072631719079
0.4392072631719079
0.4392072631719079
0.4392072631719079
0.4392072631719079
0.4392072631719079
0.4392072631719079
0.4392072631719079
0.4392072631719079
0.4392072631719079
0.4392072631719079
0.4392072631719079
0.4392072631719079
0.4392072631719079
0.4392072631719079
0.4392072631719079
0.4392072631719079
0.4392072631719079
0.4392072631719079
0.4392072631719079
0.4392072631719079
0.4392072631719079
0.4392072631719079
0.4392072631719079
0.4392072631719079
0.4392072631719079
0.43919226599067535
0.43919226599067535
0.4392072631719079
0.4392072631719079
0.43919226599067535
0.4392072631719079
0.4392072631719079
0.4392072631719079
0.4392072631719079
0.4392072631719079
0.4392072631719079
0.4392072631719079
0.4392072631719079
0.43919226599067535
0.43919226599067535
0.43919226599067535
0.43919226599067535
0.4392072631719079
0.4392072631719079
0.4392072631719079
0.4392072631719079
0.4392072631719079
0.4392072631719079
0.4392072631719079
0.4392072631719079
0.4392072631719079
0.4392072631719079
0.43919226599067535
0.4392072631719079
0.4392072631719079
0.4392072631719079
0.4392072631719079
0.4392072631719079
0.4392072631719079
0.4392072631719079
0.4392072631719079
0.4392072631719079
0.4392072631719079
0.4392072631719079
0.4392072631719079
0.4392072631719079
0.4392072631719079
0.4392072631719079
0.4392072631719079
0.4392072631719079
0.4392072631719079
0.4392072631719079
0.4392072631719079
0.4392072631719079
0.4392072631719079
0.4392072631719079
0.4392072631719079
0.4392072631719079
0.4392072631719079
0.4392072631719079
0.4392072631719079
0.4392072631719079
0.4392072631719079
0.4392072631719079
0.4392072631719079
0.4392072631719079
0.4392072631719079
0.4392072631719079
0.4392072631719079
0.4392072631719079
0.4392072631719079
0.4392072631719079
0.4392072631719079
0.4392072631719079
0.4392072631719079
0.4392072631719079
0.4392072631719079
0.4392072631719079
0.4392072631719079
0.4392072631719079
0.4392072631719079
0.4392072631719079
0.4392072631719079
0.4392072631719079
0.4392072631719079
0.4392072631719079
0.4392072631719079
0.4392072631719079
0.4392072631719079
0.4392072631719079
0.4392072631719079
0.4392072631719079
0.4392072631719079
0.4392072631719079
0.4392072631719079
0.4392072631719079
0.4392072631719079
0.4392072631719079
0.4392072631719079
0.4392072631719079
0.4392072631719079
0.4392072631719079
0.4392072631719079
0.4392072631719079
0.4392072631719079
0.4392072631719079
0.4392072631719079
0.4392072631719079
0.4392072631719079
0.4392072631719079
0.4392072631719079
0.4392072631719079
0.4392072631719079
0.4392072631719079
0.4392072631719079
0.4392072631719079
0.4392072631719079
0.4392072631719079
0.4392072631719079
0.4392072631719079
0.4392072631719079
0.4392072631719079
0.4392072631719079
0.4392072631719079
0.4392072631719079
0.4392072631719079
0.4392072631719079
0.4392072631719079
0.4392072631719079
0.4392072631719079
0.4392072631719079
0.4392072631719079
0.4392072631719079
0.4392072631719079
0.4392072631719079
0.4392072631719079
0.4392072631719079
0.4392072631719079
0.4392072631719079
0.4392072631719079
0.4392072631719079
0.4392072631719079
0.4392072631719079
0.4392072631719079
0.4392072631719079
0.4392072631719079
0.4392072631719079
0.4392072631719079
0.4392072631719079
0.4392072631719079
0.4392072631719079
0.4392072631719079
0.4392072631719079
0.4392072631719079
0.4392072631719079
0.4392072631719079
0.4392072631719079
0.4392072631719079
0.4392072631719079
0.4392072631719079
0.4392072631719079
0.4392072631719079
0.4392072631719079
0.4392072631719079
0.4392072631719079
0.4392072631719079
0.4392072631719079
0.4392072631719079
0.4392072631719079
0.4392072631719079
0.4392072631719079
0.4392072631719079
0.4392072631719079
0.4392072631719079
0.4392072631719079
0.4392072631719079
0.4392072631719079
0.4392072631719079
0.4392072631719079
0.4392072631719079
0.4392072631719079
0.4392072631719079
0.4392072631719079
0.4392072631719079
0.4392072631719079
0.4392072631719079
0.4392072631719079
0.4392072631719079
0.4392072631719079
0.4392072631719079
0.4392072631719079
0.4392072631719079
0.4392072631719079
0.4392072631719079
0.4392072631719079
0.4392072631719079
0.4392072631719079
0.4392072631719079
0.4392072631719079
0.4392072631719079
0.4392072631719079
0.4392072631719079
0.4392072631719079
0.4392072631719079
0.4392072631719079
0.4392072631719079
0.4392072631719079
0.4392072631719079
0.4392072631719079
0.4392072631719079
0.4392072631719079
0.4392072631719079
0.4392072631719079
0.4392072631719079
0.4392072631719079
0.4392072631719079
0.4392072631719079
0.4392072631719079
0.4392072631719079
0.4392072631719079
0.4392072631719079
0.4392072631719079
0.4392072631719079
0.4392072631719079
0.4392072631719079
0.4392072631719079
0.4392072631719079
0.4392072631719079
0.4392072631719079
0.4392072631719079
0.4392072631719079
0.4392072631719079
0.4392072631719079
0.4392072631719079
0.4392072631719079
0.4392072631719079
0.4392072631719079
0.4392072631719079
0.4392072631719079
0.4392072631719079
0.4392072631719079
0.4392072631719079
0.4392072631719079
0.4392072631719079
0.4392072631719079
0.4392072631719079
0.4392072631719079
0.4392072631719079
0.4392072631719079
0.4392072631719079
0.4392072631719079
0.4392072631719079
0.4392072631719079
0.4392072631719079
0.4392072631719079
0.4392072631719079
0.4392072631719079
0.4392072631719079
0.4392072631719079
0.4392072631719079
0.4392072631719079
0.4392072631719079
0.4392072631719079
0.4392072631719079
0.4392072631719079
0.4392072631719079
0.4392072631719079
0.4392072631719079
0.4392072631719079
0.4392072631719079
0.4392072631719079
0.4392072631719079
0.4392072631719079
0.4392072631719079
0.4392072631719079
0.4392072631719079
0.4392072631719079
0.4392072631719079
0.4392072631719079
0.4392072631719079
0.4392072631719079
0.4392072631719079
0.4392072631719079
0.4392072631719079
0.4392072631719079
0.4392072631719079
0.4392072631719079
0.4392072631719079
0.4392072631719079
0.4392072631719079
0.4392072631719079
0.4392072631719079
0.4392072631719079
0.4392072631719079
0.4392072631719079
0.4392072631719079
0.4392072631719079
0.4392072631719079
0.4392072631719079
0.4392072631719079
0.4392072631719079
0.4392072631719079
0.4392072631719079
0.4392072631719079
0.4392072631719079
0.4392072631719079
0.4392072631719079
0.4392072631719079
0.4392072631719079
0.4392072631719079
0.4392072631719079
0.4392072631719079
0.4392072631719079
0.4392072631719079
0.4392072631719079
0.4392072631719079
0.4392072631719079
0.4392072631719079
0.4392072631719079
0.4392072631719079
0.4392072631719079
0.4392072631719079
0.4392072631719079
0.4392072631719079
0.4392072631719079
0.4392072631719079
0.4392072631719079
0.4392072631719079
0.4392072631719079
0.4392072631719079
0.4392072631719079
0.4392072631719079
0.4392072631719079
0.4392072631719079
0.4392072631719079
0.4392072631719079
0.4392072631719079
0.4392072631719079
0.4392072631719079
0.4392072631719079
0.4392072631719079
0.4392072631719079
0.4392072631719079
0.4392072631719079
0.4392072631719079
0.4392072631719079
0.4392072631719079
0.4392072631719079
0.4392072631719079
0.4392072631719079
0.4392072631719079
0.4392072631719079
0.4392072631719079
0.4392072631719079
0.4392072631719079
0.4392072631719079
0.4392072631719079
0.4392072631719079
0.4392072631719079
0.4392072631719079
0.4392072631719079
0.4392072631719079
0.4392072631719079
0.4392072631719079
0.4392072631719079
0.4392072631719079
0.4392072631719079
0.4392072631719079
0.4392072631719079
0.4392072631719079
0.4392072631719079
0.4392072631719079
0.4392072631719079
0.4392072631719079
0.4392072631719079
0.4392072631719079
0.4392072631719079
0.4392072631719079
0.4392072631719079
0.4392072631719079
0.4392072631719079
0.4392072631719079
0.4392072631719079
0.4392072631719079
0.4392072631719079
0.4392072631719079
0.4392072631719079
0.4392072631719079
0.4392072631719079
0.4392072631719079
0.4392072631719079
0.4392072631719079
0.4392072631719079
0.4392072631719079
0.4392072631719079
0.4392072631719079
0.4392072631719079
0.4392072631719079
0.4392072631719079
0.4392072631719079
0.4392072631719079
0.4392072631719079
0.4392072631719079
0.4392072631719079
0.4392072631719079
0.4392072631719079
0.4392072631719079
0.4392072631719079
0.4392072631719079
0.4392072631719079
0.4392072631719079
0.4392072631719079
0.4392072631719079
0.4392072631719079
0.4392072631719079
0.4392072631719079
0.4392072631719079
0.4392072631719079
0.4392072631719079
0.4392072631719079
0.4392072631719079
0.4392072631719079
0.4392072631719079
0.4392072631719079
0.4392072631719079
0.4392072631719079
0.4392072631719079
0.4392072631719079
0.4392072631719079
0.4392072631719079
0.4392072631719079
0.4392072631719079
0.4392072631719079
0.4392072631719079
0.4392072631719079
0.4392072631719079
0.4392072631719079
0.4392072631719079
0.4392072631719079
0.4392072631719079
0.4392072631719079
0.4392072631719079
0.4392072631719079
0.4392072631719079
0.4392072631719079
0.4392072631719079
0.4392072631719079
0.4392072631719079
0.4392072631719079
0.4392072631719079
0.4392072631719079
0.4392072631719079
0.4392072631719079
0.4392072631719079
0.4392072631719079
0.4392072631719079
0.4392072631719079
0.4392072631719079
0.4392072631719079
