0.7606532583242506
0.7906004008752779
0.841833335153441
0.8437840462984888
0.8547698508621404
0.8430125163158891
0.8377155687769989
0.8524055857418372
0.8522106094416915
0.8514955494017785
0.8494650832687998
0.8528446223237713
0.853555237904005
0.8542017477594918
0.8536205763903713
0.8534955507349733
0.8547305324901612
0.854362455348044
0.8551185260146253
0.8537957169200002
0.8549747214828892
0.8557648869504689
0.8561422174076143
0.8559440460657373
0.8549742651935116
0.8547465392664465
0.8553628305543599
0.8559348479363976
0.8541851465761154
0.8557615587367572
0.8553552943465876
0.854007909372757
0.8557322083323509
0.8553552943465876
0.8553552943465876
0.8557322083323509
0.8553552943465876
0.8553552943465876
0.8553552943465876
0.8555058989630656
