0.2856249496991827
0.42728782003056454
0.4518321030922987
0.4769709632734317
0.4769193416910061
0.474476048673769
0.4753969275340956
0.4774544990251094
0.4838744489401532
0.48710206620779445
0.49172365256965794
0.49825575297418573
0.5028934748388582
0.5044580998737952
0.5132651720567725
0.5152615885508243
0.5272529167195908
0.5244914133816326
0.5292452473993147
0.5326985550460562
0.5409909600211023
0.54207747318256
0.5463593789776723
0.5479554455228942
0.5499751555309711
0.552131410930501
0.5583707836952632
0.5571078137264764
0.5599085490081419
0.559558879639807
0.5622606743220261
0.5670300455439987
0.5675299958698855
0.5699584764911326
0.5748913003972852
0.5768879011239437
0.5765540930429471
0.580347925259461
0.5790506560775085
0.5851873857312647
0.5834847345752888
0.5871163996379354
0.5888609453388386
0.5888541994256605
0.5921493097274414
0.5944252398221282
0.595614023591563
0.5970089821921469
0.5958834333032638
0.5979259598582427
0.6005431993045784
0.6001073945178531
0.6023986480183281
0.602557818520763
0.6074957898575359
0.6077201075136734
0.6044128330953495
0.608359595306677
0.6131724008929733
0.6111605767036686
0.6128761368678544
0.6199785378607664
0.616584811891595
0.6161790388191765
0.6177574887606566
0.6212248203835768
0.6217778279051939
0.6259996061158795
0.6244122320627938
0.6233579163806521
0.6265976578365
0.6298814778236633
0.633190559394216
0.6314435921784108
0.6332899516854955
0.6354665266023154
0.634517712264463
0.6357031557069834
0.634990058178271
0.6376071740859303
0.6372503387984338
0.6400833731388269
0.6402580768986732
0.6381009708361376
0.637965770603944
0.6405103683650412
0.6454045613694108
0.6430021623030373
0.6428778547366055
0.6429026874685898
0.6445792021613802
0.6483420015010495
0.6479087861502971
0.6489618359374734
0.6486409235898452
0.6484270906412613
0.6499718432814088
0.6488408812222071
0.6517391281828969
0.6503987240741816
0.6500565851920513
0.6524288576673338
0.6504503068782859
0.6532018370161808
0.6535414169131643
0.6537317586621314
0.6557286489004482
0.6550814319657522
0.6567886857888066
0.6558381650754134
0.6572861224495116
0.6558032344327749
0.6564783236054609
0.6561626106917284
0.6606413456210359
0.6607219378974641
0.6612408267378888
0.6583068526390561
0.6601999448465342
0.6609260141067608
0.6602146627786123
0.6587089053446048
0.6621647212251807
0.6624878198615917
0.6623117527422311
0.6646427646553222
0.6650912655371122
0.6661441959380945
0.6652378547254865
0.6641505770344724
0.6650347320266061
0.6646792106673255
0.6662118848816674
0.6650512952825837
0.6677572182962999
0.6646685285378743
0.6677531853366879
0.6659834606152866
0.6647530715113985
0.6682681862508246
0.6688723898130763
0.665171209513173
0.6670054065456124
0.6678490228140134
0.6685942259790947
0.6700387381244296
0.6718912748514826
0.6700532599796517
0.6700000308013937
0.6705569842682985
0.6709730467446046
0.6704618349628699
0.6684698753218112
0.6700353031949574
0.672466491497741
0.6722129095817222
0.6705825981053648
0.6716943989136145
0.6716841668586851
0.6748302002720095
0.6724381349412671
0.6720878112583929
0.672890350269057
0.6733262119112425
0.6732541005268716
0.6736949991823865
0.6732598513466033
0.6716435352915145
0.6741105810704503
0.6742048747507149
0.674194883250799
0.6733508374358159
0.6751993745015586
0.675502074342505
0.6783218920427984
0.6732929544451219
0.6749385407823051
0.6752102283270576
0.6746314088165604
0.675700843256242
0.6786579286122855
0.6758442071711733
0.6752517275857748
0.6756447637890335
0.6758889641648513
0.6758464227253466
0.6759160673822486
0.6759564864101771
0.6795638872517907
0.6757708396655663
0.6771601850080082
0.676832812427645
0.6763054824534848
0.6766478474535679
0.6769793442080494
0.6780027977502956
0.6790474887847789
0.6792229954820171
0.6769217741514122
0.6780082534724086
0.6780078565625192
0.6801992548337099
0.678300101030216
0.6791768143229707
0.678130937705523
0.6804914570564159
0.6808052181677938
0.6788091898174463
0.6802042647289321
0.6800471498148878
0.6797309133501126
0.6781722439144879
0.6796616528481112
0.6805796911000646
0.6795510041047391
0.6802610843862723
0.6813548759342559
0.6821059264812295
0.680260877827261
0.6816018079648474
0.6814222585211646
0.68107825413631
0.682012731154543
0.6824653990343644
0.6803847829015576
0.6822229273540044
0.6819813578898313
0.68160220716902
0.6821657679735137
0.6824486499418713
0.6803339951415771
0.6810766773589563
0.6817284167039298
0.6833059084254102
0.6821224748376851
0.6810685324959033
0.6814976959828567
0.6827663185716609
0.6793575912771984
0.6807098491051043
0.6825793087385922
0.6816836265933557
0.6834490237179734
0.6812901390394352
0.6842305540843485
0.6834845587254427
0.6833493594785961
0.6826713817498997
0.6828522565982275
0.6831439293592033
0.6829533664401639
0.6839357337053945
0.6822767710487648
0.683695891653584
0.6826559052151384
0.6842223411892617
0.683214105880711
0.6822876531984643
0.6831180839520219
0.6833126547888615
0.6830663283702023
0.6822590799293766
0.6849084131632308
0.6845981824282191
0.6836461154342294
0.6831319733246806
0.6846339924341945
0.6831937705456951
0.6842086820726908
0.683848787140855
0.6831416564592532
0.6838342788991482
0.6828251410746308
0.6847924899609046
0.6843629797635483
0.6837035352908502
0.6836009972134447
0.6836252524077149
0.6836499480235896
0.6840105341331537
0.683766912700066
0.6828312840634132
0.6832085054921543
0.6833660703554502
0.6849341897858074
0.6849024482583712
0.6856484967765469
0.6844405556798766
0.6839713502692867
0.6851019891684201
0.6845350202509901
0.6826708491227714
0.6828461926811455
0.6851373225865062
0.6841195996529494
0.6850583408569227
0.6837088767358533
0.6847313647440031
0.6846161763569887
0.6826221684655359
0.6851413850695321
0.6852787832624517
0.6841801124716019
0.684099534460434
0.6846028312900065
0.6842278934351909
0.6843189882029617
0.6840492683023847
0.6846908404721721
0.6855546742382449
0.6845517496435314
0.6850858417087862
0.6853808374503784
0.6839380324868245
0.6840644698438031
0.6849595337234878
0.6852054919979781
0.6851764713379338
0.6855972675836725
0.684620495028133
0.6851303712692607
0.6852726708118657
0.6849259875115704
0.6846808633588712
0.6842741832633252
0.6858070344207
0.6860952756285996
0.685144396835972
0.684898145902836
0.6851313096177115
0.6856784704932616
0.684520997138395
0.6846151989637044
0.6842906977392867
0.6845733517960874
0.6841700474353023
0.6848009039572271
0.6848896039314498
0.6856560071205005
0.6842164583878696
0.6839545003008921
0.6857553666838808
0.6844152863863412
0.6846636831496183
0.6847821856487041
0.6852035954924428
0.6842555881044666
0.6845358882332224
0.6846505182553538
0.6854931446709912
0.6855752879674654
0.6849667962482923
0.6844618045449004
0.6843516386869263
0.6849087942527958
0.6850521740805446
0.685782094567657
0.6858548997249926
0.6856560332343834
0.6862569242656278
0.685344203513745
0.6856261133541863
0.6855894569907026
0.6846494895689106
0.686097274772056
0.6845975215095846
0.6861113583383114
0.6854855488052507
0.6856940990931234
0.6848772350727313
0.6844321519781507
0.6846799414024212
0.6856386887130151
0.6848573865219273
0.6863164956050369
0.6853307441191503
0.6847716694758424
0.6864128218298094
0.6849441223278844
0.6857265410467468
0.6849805339800239
0.6851318397361336
0.6860327943394826
0.6848348219092643
0.6858055993742146
0.6851976666854296
0.6859823415967139
0.6863963209558686
0.6849866146027116
0.6855382715947288
0.6850397966566834
0.6849840435036985
0.6852736181161484
0.685523117524549
0.685853605353336
0.6860681736246899
0.685217270648881
0.6862831546472599
0.6853083733844644
0.6857001182662119
0.6848263359176359
0.6850336917361349
0.6855650649333542
0.6852350692326885
0.6857745963653948
0.6854530634954177
0.6865695530659576
0.6860273015223398
0.6866436111665618
0.6869416906120362
0.6855717205151198
0.6860472900669635
0.6860964032973516
0.6851046022124845
0.6857714309752002
0.6858627852872402
0.6851230078336198
0.684856731622866
0.6851678493740073
0.6859584608901742
0.6867963210362573
0.685730152971822
0.6855903290474069
0.6860444692658748
0.6866200280255379
0.6862130420737785
0.6855788601178646
0.6852235313574594
0.6876780744222902
0.6859709560853006
0.6863082129702545
0.6861642383729989
0.6868382886421331
0.6864848413792416
0.6858895634737922
0.6872911279223924
0.6869570528023745
0.686791593269186
0.6863721755469346
0.6868481270787136
0.6852956263608634
0.685633150339073
0.6856821898979225
0.6863826348517675
0.6865473715180849
0.6864591538331258
0.6866517361533323
0.6853206271834122
0.6859597768548975
0.6868792551503694
0.6866982933087005
0.6861741194909391
0.6862039657368546
0.6859198536178708
0.6865081264614434
0.6860870198624884
0.6858376938602472
0.685915669099378
0.6872771750610221
0.6867376470241594
0.6865673423142388
0.6858697815128048
0.6864438761996261
0.6870451671939403
0.6865069097892885
0.6866952701879101
0.6868944109591668
0.68679925792141
0.6858801605531487
0.685601932371238
0.6868368349348003
0.6864134163600148
0.6865079565383622
0.6866566519626303
0.6870919728977991
0.687188176202484
0.6862678854491087
0.6865254237817919
0.6874307341966192
0.6866257145426127
0.6865576402359055
0.686051280173429
0.6870855322060333
0.6855724309293318
0.6869243905043011
0.6863672545586584
0.6862554564241462
0.6864087703663587
0.6870624511418696
0.6865655411295306
0.6856639822375498
0.6872872211674981
0.6863002883426882
0.6868153853621713
0.6866977396140584
0.6859657963615814
0.6863346765893236
0.6869734064811358
0.6865897665965028
0.6858926903330407
0.6863472170735473
0.6859028326227679
0.6861697504414729
0.6874170783172161
0.6860267334465808
0.6863546253505429
0.6858654033434833
0.6863691850349822
0.6861904388827635
0.6864981122362407
0.6873049828416388
0.686743565118386
0.6866736469276449
0.6870379431097434
0.6860406019619465
0.6863520150976594
0.6875802301674597
0.6879309767540633
0.6856220928834197
0.6863738107466263
0.6866426545044191
0.6862074713854603
0.687185098538853
0.6865587992338484
0.6867749158251557
0.6871807481421591
0.6857953989878648
0.6865169124765574
0.6867956504460773
0.686496080758663
0.68639050913768
0.6870206555648927
0.686110981336825
0.6860355895510541
0.6854697398561539
0.6860817650616367
0.6865957495676136
0.6885222845300822
0.6868818243110574
0.686666331296275
0.6868366471736136
0.6866937158506021
0.6868363751342998
0.6868990210490048
0.6867598935478987
0.6872386869412308
0.6869424691943856
0.6876926342537774
0.6868185992562085
0.6869668861158662
0.6869152043322793
0.686897583755177
0.6866480358320124
0.6870825995078169
0.6868476392261301
0.6864108305888303
0.6865214904730805
0.6881267003845852
0.6866444611331842
0.6872747473338998
0.6869820208584184
0.686993503930552
0.6884209938639095
0.6870066591054778
0.6866599171271729
0.6868263644401771
0.6875870895867648
0.6873602043804423
0.687475359204291
0.6874545156087024
0.6869578510784555
0.6873840055962374
0.6869260780320536
0.6873015203330481
0.6872663417631543
0.6867745586265886
0.6883670578646093
0.6868739339743343
0.6868757438091426
0.6873682211676547
0.6867071444519595
0.6879775169217501
0.6875186769899302
0.6879553946620179
0.6875789661620391
0.6869302720594634
0.6873356978699631
0.6872010644282374
0.6875067101366925
0.6879332380167467
0.6871600589970674
0.6882992457530313
0.6877339028229554
0.6874082087857134
0.6864102048216841
0.6880248487374934
0.6872289190616997
0.6874983027150895
0.6881475308844472
0.6877559675176886
0.6878412211298702
0.687353157023115
0.6877772116105408
0.6870801590537714
0.6874965274849418
0.687835643719667
0.6881958243130187
0.6879947569055517
0.6876667973864297
0.6878909166222149
0.6881431044871736
0.6877097781012219
0.6873509744611621
0.6876601371311165
0.6875364729137773
0.6876030508735355
0.6875694566565574
0.6870515876243345
0.6867541024754759
0.6876902709436293
0.6874217415640854
0.6880256696978322
0.686793707706597
0.68701012391189
0.6874954912837415
0.6877943716371568
0.6870817270493524
0.6883997542204625
0.6868626644521594
0.6875302396865388
0.6875456093846851
0.6876780198380523
0.687576500555799
0.6875416409138168
0.6880198403530667
0.6873522973892506
0.6877467556956554
0.6874079831252402
0.6871465177730998
0.6872543690955406
0.6880881636644545
0.6870211732947421
0.6875090772336621
0.6872746138528621
0.687560503630204
0.6871905149652371
0.6873714588102648
0.687761041409517
0.6868533935378999
0.6873526130501794
0.6866470847071797
0.6868971470425225
0.687556616146182
0.6874833607778038
0.6876898031197367
0.6876617335849403
0.6873241930790157
0.6870405903032516
0.6875982656132436
0.6872851943262644
0.6880435816355991
0.687487368954484
0.6874218570888235
0.6879642057045471
0.6877406851350385
0.6874613221091752
0.687899772055906
0.6874240799602651
0.6876296684775136
0.6869371960676912
0.6878461542575416
0.6876494128737547
0.6876434926553935
0.686787790884054
0.6881039544969741
0.6871938110976409
0.6875332408977461
0.68817462140112
0.6877467556956554
0.6867082301242925
0.6875214925394664
0.6872470975291273
0.686969739971277
0.6872008900420933
0.6871692054180292
0.6870306046501145
0.6870059583214928
0.6874296732976082
0.687504181274698
0.6880299198911423
0.686567146176178
0.6871732675920006
0.6881345037477086
0.6875201018684287
0.6881164410543628
0.687906441948874
0.6874237076934046
0.6876072435071761
0.6874498264932782
0.6869140023431463
0.6871171425554152
0.6879433478919335
0.6876555908241373
0.6881630725604977
0.6876671886363819
0.68758058425449
0.6872349826986052
0.6875661333127527
0.687517090892237
0.6876779871469335
0.6880401635655206
0.687297315735993
0.6875632935099586
0.6877556668311965
0.6872695060749894
0.6871413925231569
0.6872884603597071
0.6878711375341878
0.6875575562568377
0.6876845811822432
0.6877814350437618
0.6880497872908887
0.6877392532912818
0.6876898031197367
0.6874658050834653
0.68793494233972
0.6878986573215246
0.6872217639283109
0.6875786823750933
0.6873094440987428
0.6877329243324879
0.6876331722362001
0.6878416695267806
0.6874937222032012
0.687594282190152
0.6879306735081986
0.6877315132865838
0.6878585601416451
0.6878664380893242
0.6878050106579091
0.6877946786234381
0.6868513153782083
0.687700262857639
0.68763026227656
0.6872883806453348
0.6876080363374902
0.6877267863709234
0.6871479256338532
0.6878531652281945
0.687636585930341
0.6876147884432277
0.6874720897138037
0.6873395231486417
0.6876077079093802
0.6875286257702657
0.6879394533904523
0.6877834090282738
0.6875495091156582
0.6878481027421227
0.6871699254922058
0.6872381628031535
0.6874101315290984
0.6875019595086075
0.6873720571537195
0.6872732677285178
0.6876292023043012
0.6876773135428031
0.6876876934829095
0.687349945795296
0.687927078254408
0.6875767264101484
0.6875767264101484
0.6875665839837672
0.6876212427482451
0.688214643552957
0.6881969475940323
0.6877821261220582
0.6877747389377638
0.6880340018707007
0.687868522193392
0.6873325918808652
0.687868522193392
0.6876947826979295
0.6878068230828359
0.6877499976259921
0.6874130153943789
0.6877767451052633
0.6873129154217286
0.6878371713352133
0.6877228593600051
0.6876746310428073
0.6878155854712511
0.6878155854712511
0.6878251709476809
0.6878531652281945
0.6878427692294529
0.6875389460638793
0.6873291784671454
0.688079446266994
0.6878427692294529
0.6878448914408537
0.687596394588779
0.6878510486543596
0.687718338683398
0.6873303052372426
0.6877377840225718
0.6882177459520079
0.6880440256170617
0.6873071358626905
0.687247625091239
0.6877805595534442
0.687878903368389
0.6875871106797544
0.6874728412938406
0.687927078254408
0.6870139687147689
0.6871535545232801
0.6875014479427441
0.687927078254408
0.6875871106797544
0.6873775117392178
0.6873187955540484
0.687624994687917
0.6874193643708426
0.6874705742689641
0.6870564321635714
0.687335448763057
0.6871699975680797
0.688117105460348
0.6874155018838772
0.687069446139038
0.687964911722162
0.687364890316622
0.6877320553377858
0.6877181166847356
0.6877361203191169
0.6882393254958313
0.6877715904315144
0.6879074891735387
0.687736754586365
0.6878324398080917
0.687593120516024
0.6876035581853648
0.687593120516024
0.6873437740244418
0.6871868301738143
0.6878419451763493
0.687624994687917
0.6874873050357431
0.6872706938133333
0.6876354428515584
0.6876445680745108
0.6873219291060433
0.687247431805627
0.6872867009784839
0.6874207391712803
0.6875054631547194
0.6874236402092461
0.6873941796820171
0.6875377086694119
0.6877086631477679
0.6878441644331686
0.6879180023628921
0.6876873958811303
0.6876792894341879
0.6876058904550275
0.6878264674981567
0.6874789924699339
0.6873940864218734
0.6873639583972692
0.6880395112416705
0.6876967179359263
0.6878643985769848
0.6877070974716756
0.6877507538086136
0.6876072182796388
0.6874485643423691
0.6878985238380744
0.6878121664120146
0.6881564711055965
0.6876299449366069
0.6876390704734721
0.687842685351034
0.6875745932083639
0.6877378525229252
0.6882177459520079
0.6881068966862269
0.6878867744860678
0.6880493280990101
0.6878591570979503
0.6876489871969527
0.6874948265410488
0.6869636290281994
0.6873751562970618
0.6873546109053976
0.6877665331061004
0.6875848181492895
0.6878696064873695
0.6879516577100366
0.6878484139514156
0.687736754586365
0.6878839232757449
0.6872204615022052
0.6878367358430003
0.6872773356422498
0.6876413930720078
0.6878614876769277
0.6876772458577934
0.6878040771823696
0.6876289646883907
0.6877556790015653
0.6877935694374684
0.6877556790015653
0.6878803474192983
0.688021736807711
0.688021736807711
0.6877851970887914
0.6877473463599862
0.6875870990102959
0.6878458396405651
0.687636237392825
0.6877361203191169
0.6878907403629535
0.6876367953310142
0.6875461469024026
0.6877547208658752
0.6878472462197521
0.6881602521612449
0.6878367358430003
0.6877988462925348
0.6877935694374684
0.6877935694374684
0.6876574845739067
0.6877905840875608
0.6879530706184683
0.6881603002696719
0.6879046640787528
0.6879098924704006
0.687557565859379
0.6877637852115821
0.6881759509820256
0.6881759509820256
0.6877935694374684
0.6878040771823696
0.6880701249737635
0.6880701249737635
0.6877637852115821
0.6875144156349642
0.6877547208658752
0.687942565166617
0.6877988462925348
0.6878539485917008
0.6877452350589225
0.6877556790015653
0.687683307013075
0.6875039622980181
0.6877441957856268
0.6875522884590869
0.6874298637497351
0.6875735244968223
0.6879327542260206
0.6879895536671687
0.6877452350589225
0.6876877948307816
0.6877361203191169
0.6880402808752483
0.6878904446822706
0.6876325176299631
0.6874124522554688
0.6880021460121455
0.6880596594782995
0.6875735244968223
0.6877935694374684
0.6878189131932739
0.6876218499390016
0.6880235567733248
0.6880471556265596
0.6880021460121455
0.6872185705715993
0.6872288410291081
0.687464702176664
0.6877238706525951
0.6877339127081901
0.6880596594782995
0.6877361203191169
0.6878216506827477
0.6879834046518498
0.6878500332521741
0.6878500332521741
0.6878316774134773
0.6874249930961108
0.6878059127525126
0.6879897528958047
0.6880977021335873
0.6880977021335873
0.6882086330025223
0.6880977021335873
0.6880977021335873
0.6878397551211243
0.687935146301193
0.6879453560956227
0.6878293265229672
0.6877834090282738
0.6881500888843541
0.6878690904651357
0.6876877948307816
0.6879436098503228
0.6880544668420019
0.6876387926640567
0.687619667800395
0.6876958792230384
0.6874465092771861
0.6874196560987663
0.6877339127081901
0.6874298637497351
0.6877441957856268
0.6879413062515951
0.6876856598778562
0.6877678500921839
0.687670149524021
0.6874524731417754
0.6874041504235194
0.6876362749190327
0.6881603002696719
0.6879404752795139
0.6878591570979503
0.6877318088499574
0.6880617107534409
0.6879991675975934
0.6875840170626067
0.6875840170626067
0.6875840170626067
0.6878017100660557
0.6878017100660557
0.6878017100660557
0.6875356838767342
0.687573750616733
0.6875356838767342
0.6875840170626067
0.6878419451763493
0.6875840170626067
0.6875356838767342
0.6875840170626067
0.6875840170626067
0.687793613067067
0.6875356838767342
0.6875840170626067
0.6878419451763493
0.6875356838767342
0.6875356838767342
0.6879662216857229
0.6878017100660557
0.6879662216857229
0.6877002034623789
0.6874781903095422
0.6875840170626067
0.6878419451763493
0.6875840170626067
0.6875356838767342
0.6878510486543596
0.6878510486543596
0.6878017100660557
0.6875356838767342
0.6875356838767342
0.6878500332521741
0.6877441957856268
0.6878500332521741
0.6878017100660557
0.6877441957856268
0.6881079815844798
0.6881079815844798
0.687793613067067
0.687793613067067
0.687793613067067
0.687793613067067
0.6878419451763493
0.6875356838767342
0.6880390366903553
0.687793613067067
0.6875356838767342
0.687793613067067
0.6881477010070484
0.6875356838767342
0.687793613067067
0.6880470645348575
0.687793613067067
0.687793613067067
0.6880470645348575
0.687793613067067
0.6880596594782995
0.687793613067067
0.6878419451763493
0.6875840170626067
0.687793613067067
0.687793613067067
0.687793613067067
0.6878510486543596
0.6878419451763493
0.6878419451763493
0.6881079815844798
0.6881185030691075
0.6878419451763493
0.6875840170626067
0.6878500332521741
0.6875840170626067
0.6875840170626067
0.6881079815844798
0.6878500332521741
0.6881079815844798
0.6880596594782995
0.6881079815844798
0.6881079815844798
0.6880596594782995
0.6878017100660557
0.6878017100660557
0.6875840170626067
0.6875840170626067
0.6878419451763493
0.6881079815844798
0.6879074891735387
0.687641462593862
0.6880953857554337
0.6878500332521741
0.6877891343716727
0.6880953857554337
0.6880953857554337
0.6880953857554337
0.6883614654064402
0.6881079815844798
0.6878419451763493
0.6878419451763493
0.6883051059836469
0.6882600878543568
0.6885135696119772
0.6878985238380744
0.6878374566708139
0.687885946364278
0.6873346699329514
0.6878419451763493
0.6880145278437397
0.6882680095165424
0.6876325176299631
0.6878904446822706
0.6881667299575395
0.6884099440481961
0.6884099440481961
0.6881564711055965
0.6878500332521741
0.6883614654064402
0.6875182715390159
0.6877842588087986
0.6878500332521741
0.6881654364512116
0.6881613505298421
0.6875840170626067
0.6875840170626067
0.6877276606876078
0.6878374566708139
0.6880953857554337
0.6880953857554337
0.6878500332521741
0.6880695930322812
0.6878374566708139
0.6878374566708139
0.6878374566708139
0.6876968010447098
0.6878374566708139
0.6875840170626067
0.6875840170626067
0.6878500332521741
0.6878374566708139
0.6875840170626067
0.6878500332521741
0.6878374566708139
0.6875840170626067
0.6880953857554337
0.6878374566708139
0.6875840170626067
0.6878374566708139
0.6878161783621577
0.6875582883307896
0.6875840170626067
0.6875840170626067
0.6878419451763493
0.6875840170626067
0.6880851071470424
0.6880695930322812
0.6878419451763493
0.6877761601256253
0.6879810754034399
0.6878419451763493
0.6878161783621577
0.6878419451763493
0.6875840170626067
0.6875840170626067
0.6875840170626067
0.6875840170626067
0.6875840170626067
0.6878374566708139
0.6880953857554337
0.6875840170626067
0.6875840170626067
0.6875840170626067
0.6875840170626067
0.6878374566708139
0.6878374566708139
0.6878374566708139
0.6878374566708139
0.6881035161123756
0.6880953857554337
0.6878374566708139
0.6878500332521741
0.6880953857554337
0.6880953857554337
0.6880953857554337
0.6880953857554337
0.6880953857554337
0.6878374566708139
0.6880953857554337
0.6878374566708139
0.6880953857554337
0.6880953857554337
0.6880953857554337
0.6880953857554337
0.6880953857554337
0.68804702967815
0.6879810754034399
0.68804702967815
0.6881613505298421
0.6877276606876078
0.6877231847855063
0.6877891400724284
0.6874697710425968
0.6879810754034399
0.6879810754034399
0.6877357682924341
0.6879810754034399
0.6877231847855063
0.6877231847855063
0.6882471361122783
0.6879810754034399
0.6879810754034399
0.6877276606876078
0.6877276606876078
0.6874697710425968
0.6875840170626067
0.6874697710425968
0.6874697710425968
0.6878419451763493
0.6877276606876078
0.6877276606876078
0.6874697710425968
0.6874697710425968
0.6874697710425968
0.6874697710425968
0.6877276606876078
0.6877276606876078
0.6877276606876078
0.6877276606876078
0.6877276606876078
0.6877276606876078
0.6877276606876078
0.6877276606876078
0.6877357682924341
0.6877357682924341
0.6877012647718425
0.6877357682924341
0.6877012647718425
0.6874434130829503
0.6874434130829503
0.6877276606876078
0.6879672659897418
0.6879672659897418
0.6879672659897418
0.6879936781578304
0.6877357682924341
0.6877357682924341
0.6877357682924341
0.6877357682924341
0.6879672659897418
0.6874697710425968
0.6877357682924341
0.6877012647718425
0.6877276606876078
0.6877276606876078
0.6877276606876078
0.6877012647718425
0.6877012647718425
0.6877012647718425
0.6877012647718425
0.6877012647718425
0.6877276606876078
0.6877276606876078
0.6877012647718425
0.6877012647718425
0.6877012647718425
0.6877012647718425
0.6877012647718425
0.6877276606876078
0.6877012647718425
0.6877276606876078
0.6877012647718425
0.6877012647718425
0.6877012647718425
0.6877012647718425
0.6877012647718425
0.6877012647718425
0.6877276606876078
0.6874697710425968
0.6874697710425968
0.6874697710425968
0.6877276606876078
0.6877276606876078
0.6874697710425968
0.6874697710425968
0.6874697710425968
0.6876668441653029
0.6874697710425968
0.6874697710425968
0.6874697710425968
0.6877276606876078
0.6877276606876078
0.6877276606876078
0.6877276606876078
0.6877276606876078
0.6877276606876078
0.6877276606876078
0.6877276606876078
0.6877276606876078
0.6877012647718425
0.6877276606876078
0.6877276606876078
0.6877276606876078
0.6877276606876078
0.6877276606876078
0.6877276606876078
0.6877276606876078
0.6877276606876078
0.6877276606876078
0.6877276606876078
0.6877276606876078
0.6877276606876078
0.6877276606876078
0.6877276606876078
0.6877276606876078
0.6877276606876078
0.6877276606876078
0.6877276606876078
0.6877276606876078
0.6877276606876078
0.6877276606876078
0.6877276606876078
0.6877276606876078
0.6877276606876078
0.6877276606876078
0.6877276606876078
0.6877012647718425
0.6877012647718425
0.6877012647718425
0.6874697710425968
0.6877012647718425
0.6877012647718425
0.6877012647718425
0.6877012647718425
0.6877012647718425
0.6877276606876078
0.6877012647718425
0.6877276606876078
0.6874434130829503
0.6874434130829503
0.6874697710425968
0.6874697710425968
0.6874434130829503
0.6874697710425968
0.6877276606876078
0.6874697710425968
0.6877276606876078
0.6874697710425968
0.6877276606876078
0.6877276606876078
0.6877276606876078
0.6877276606876078
0.6877276606876078
0.6878419451763493
0.6877276606876078
0.6877276606876078
0.6878419451763493
0.6877276606876078
0.6878993896508211
0.6878161783621577
0.6877012647718425
0.6877012647718425
0.6877586929103695
0.6877586929103695
0.6877012647718425
0.6877012647718425
0.6877012647718425
0.6877276606876078
0.6877012647718425
0.6877012647718425
0.6877012647718425
0.6877012647718425
0.6877012647718425
0.6877012647718425
0.6877012647718425
0.6877012647718425
0.6877012647718425
0.6877012647718425
0.6877012647718425
0.6877012647718425
0.6877012647718425
0.6877012647718425
0.6877012647718425
0.6877012647718425
0.6877012647718425
0.6877012647718425
0.6877012647718425
0.6877012647718425
0.6877012647718425
0.6877012647718425
0.6877012647718425
0.6877012647718425
0.6877012647718425
0.6877012647718425
0.6877276606876078
0.6877012647718425
0.6877012647718425
0.6877276606876078
0.6877012647718425
0.6877276606876078
0.6877012647718425
0.6877012647718425
0.6877276606876078
0.6877276606876078
0.6877276606876078
0.6877276606876078
0.6877276606876078
0.6877012647718425
0.6877276606876078
0.6877276606876078
0.6877276606876078
0.6877276606876078
0.6877276606876078
0.6877276606876078
0.6877276606876078
0.6877012647718425
0.6877276606876078
0.6877276606876078
0.6877276606876078
0.6877276606876078
0.6877276606876078
0.6877276606876078
0.6877276606876078
0.6877276606876078
0.6877276606876078
0.6877276606876078
0.6877012647718425
0.6877276606876078
0.6877276606876078
0.6877276606876078
0.6874697710425968
0.6874697710425968
0.6874697710425968
0.6874697710425968
0.6877276606876078
0.6877276606876078
0.6877276606876078
0.6877276606876078
0.6877276606876078
0.6877276606876078
0.6877276606876078
0.6877276606876078
0.6877276606876078
0.6877276606876078
0.6877276606876078
0.6877276606876078
0.6877276606876078
0.6877276606876078
0.6877276606876078
0.6877276606876078
0.6877276606876078
0.6877012647718425
0.6877276606876078
0.6877276606876078
0.6877276606876078
0.6877276606876078
0.6877276606876078
0.6877276606876078
0.6877276606876078
0.6877276606876078
0.6877276606876078
0.6877276606876078
0.6877276606876078
0.6877276606876078
0.6877276606876078
0.6877276606876078
0.6877276606876078
0.6877276606876078
0.6877276606876078
0.6877276606876078
0.6877276606876078
0.6877276606876078
0.6877276606876078
0.6877276606876078
0.6877276606876078
0.6877012647718425
0.6877276606876078
0.6877276606876078
0.6877276606876078
0.6877276606876078
0.6877276606876078
0.6877276606876078
0.6877276606876078
0.6877276606876078
0.6877276606876078
0.6877276606876078
0.6877276606876078
0.6877276606876078
0.6877276606876078
0.6877276606876078
0.6877276606876078
0.6877276606876078
0.6877276606876078
0.6877276606876078
0.6877276606876078
0.6877276606876078
0.6877276606876078
0.6877276606876078
0.6877276606876078
0.6877276606876078
0.6877276606876078
0.6877276606876078
0.6877276606876078
0.6877276606876078
0.6877276606876078
0.6877276606876078
0.6877276606876078
0.6877276606876078
0.6877276606876078
0.6877276606876078
0.6877276606876078
0.6877276606876078
0.6877276606876078
0.6877276606876078
0.6877276606876078
0.6877276606876078
0.6877012647718425
0.6877012647718425
0.6877276606876078
0.6877276606876078
0.6877012647718425
0.6877276606876078
0.6877276606876078
0.6877276606876078
0.6877276606876078
0.6877276606876078
0.6877276606876078
0.6877276606876078
0.6877276606876078
0.6877012647718425
0.6877012647718425
0.6877012647718425
0.6877012647718425
0.6877276606876078
0.6877276606876078
0.6877276606876078
0.6877276606876078
0.6877276606876078
0.6877276606876078
0.6877276606876078
0.6877276606876078
0.6877276606876078
0.6877276606876078
0.6877012647718425
0.6877276606876078
0.6877276606876078
0.6877276606876078
0.6877276606876078
0.6877276606876078
0.6877276606876078
0.6877276606876078
0.6877276606876078
0.6877276606876078
0.6877276606876078
0.6877276606876078
0.6877276606876078
0.6877276606876078
0.6877276606876078
0.6877276606876078
0.6877276606876078
0.6877276606876078
0.6877276606876078
0.6877276606876078
0.6877276606876078
0.6877276606876078
0.6877276606876078
0.6877276606876078
0.6877276606876078
0.6877276606876078
0.6877276606876078
0.6877276606876078
0.6877276606876078
0.6877276606876078
0.6877276606876078
0.6877276606876078
0.6877276606876078
0.6877276606876078
0.6877276606876078
0.6877276606876078
0.6877276606876078
0.6877276606876078
0.6877276606876078
0.6877276606876078
0.6877276606876078
0.6877276606876078
0.6877276606876078
0.6877276606876078
0.6877276606876078
0.6877276606876078
0.6877276606876078
0.6877276606876078
0.6877276606876078
0.6877276606876078
0.6877276606876078
0.6877276606876078
0.6877276606876078
0.6877276606876078
0.6877276606876078
0.6877276606876078
0.6877276606876078
0.6877276606876078
0.6877276606876078
0.6877276606876078
0.6877276606876078
0.6877276606876078
0.6877276606876078
0.6877276606876078
0.6877276606876078
0.6877276606876078
0.6877276606876078
0.6877276606876078
0.6877276606876078
0.6877276606876078
0.6877276606876078
0.6877276606876078
0.6877276606876078
0.6877276606876078
0.6877276606876078
0.6877276606876078
0.6877276606876078
0.6877276606876078
0.6877276606876078
0.6877276606876078
0.6877276606876078
0.6877276606876078
0.6877276606876078
0.6877276606876078
0.6877276606876078
0.6877276606876078
0.6877276606876078
0.6877276606876078
0.6877276606876078
0.6877276606876078
0.6877276606876078
0.6877276606876078
0.6877276606876078
0.6877276606876078
0.6877276606876078
0.6877276606876078
0.6877276606876078
0.6877276606876078
0.6877276606876078
0.6877276606876078
0.6877276606876078
0.6877276606876078
0.6877276606876078
0.6877276606876078
0.6877276606876078
0.6877276606876078
0.6877276606876078
0.6877276606876078
0.6877276606876078
0.6877276606876078
0.6877276606876078
0.6877276606876078
0.6877276606876078
0.6877276606876078
0.6877276606876078
0.6877276606876078
0.6877276606876078
0.6877276606876078
0.6877276606876078
0.6877276606876078
0.6877276606876078
0.6877276606876078
0.6877276606876078
0.6877276606876078
0.6877276606876078
0.6877276606876078
0.6877276606876078
0.6877276606876078
0.6877276606876078
0.6877276606876078
0.6877276606876078
0.6877276606876078
0.6877276606876078
0.6877276606876078
0.6877276606876078
0.6877276606876078
0.6877276606876078
0.6877276606876078
0.6877276606876078
0.6877276606876078
0.6877276606876078
0.6877276606876078
0.6877276606876078
0.6877276606876078
0.6877276606876078
0.6877276606876078
0.6877276606876078
0.6877276606876078
0.6877276606876078
0.6877276606876078
0.6877276606876078
0.6877276606876078
0.6877276606876078
0.6877276606876078
0.6877276606876078
0.6877276606876078
0.6877276606876078
0.6877276606876078
0.6877276606876078
0.6877276606876078
0.6877276606876078
0.6877276606876078
0.6877276606876078
0.6877276606876078
0.6877276606876078
0.6877276606876078
0.6877276606876078
0.6877276606876078
0.6877276606876078
0.6877276606876078
0.6877276606876078
0.6877276606876078
0.6877276606876078
0.6877276606876078
0.6877276606876078
0.6877276606876078
0.6877276606876078
0.6877276606876078
0.6877276606876078
0.6877276606876078
0.6877276606876078
0.6877276606876078
0.6877276606876078
0.6877276606876078
0.6877276606876078
0.6877276606876078
0.6877276606876078
0.6877276606876078
0.6877276606876078
0.6877276606876078
0.6877276606876078
0.6877276606876078
0.6877276606876078
0.6877276606876078
0.6877276606876078
0.6877276606876078
0.6877276606876078
0.6877276606876078
0.6877276606876078
0.6877276606876078
0.6877276606876078
0.6877276606876078
0.6877276606876078
0.6877276606876078
0.6877276606876078
0.6877276606876078
0.6877276606876078
0.6877276606876078
0.6877276606876078
0.6877276606876078
0.6877276606876078
0.6877276606876078
0.6877276606876078
0.6877276606876078
0.6877276606876078
0.6877276606876078
0.6877276606876078
0.6877276606876078
0.6877276606876078
0.6877276606876078
0.6877276606876078
0.6877276606876078
0.6877276606876078
0.6877276606876078
0.6877276606876078
0.6877276606876078
0.6877276606876078
0.6877276606876078
0.6877276606876078
0.6877276606876078
0.6877276606876078
0.6877276606876078
0.6877276606876078
0.6877276606876078
0.6877276606876078
0.6877276606876078
0.6877276606876078
0.6877276606876078
0.6877276606876078
0.6877276606876078
0.6877276606876078
0.6877276606876078
0.6877276606876078
0.6877276606876078
0.6877276606876078
0.6877276606876078
0.6877276606876078
0.6877276606876078
0.6877276606876078
0.6877276606876078
0.6877276606876078
0.6877276606876078
0.6877276606876078
0.6877276606876078
0.6877276606876078
0.6877276606876078
0.6877276606876078
0.6877276606876078
0.6877276606876078
0.6877276606876078
0.6877276606876078
0.6877276606876078
0.6877276606876078
0.6877276606876078
0.6877276606876078
0.6877276606876078
0.6877276606876078
0.6877276606876078
0.6877276606876078
0.6877276606876078
0.6877276606876078
0.6877276606876078
0.6877276606876078
0.6877276606876078
0.6877276606876078
0.6877276606876078
0.6877276606876078
0.6877276606876078
0.6877276606876078
0.6877276606876078
0.6877276606876078
0.6877276606876078
0.6877276606876078
0.6877276606876078
0.6877276606876078
0.6877276606876078
0.6877276606876078
0.6877276606876078
0.6877276606876078
0.6877276606876078
0.6877276606876078
0.6877276606876078
0.6877276606876078
0.6877276606876078
0.6877276606876078
0.6877276606876078
0.6877276606876078
0.6877276606876078
0.6877276606876078
0.6877276606876078
0.6877276606876078
0.6877276606876078
0.6877276606876078
0.6877276606876078
0.6877276606876078
0.6877276606876078
0.6877276606876078
0.6877276606876078
0.6877276606876078
0.6877276606876078
0.6877276606876078
0.6877276606876078
0.6877276606876078
0.6877276606876078
0.6877276606876078
0.6877276606876078
0.6877276606876078
0.6877276606876078
0.6877276606876078
0.6877276606876078
0.6877276606876078
0.6877276606876078
0.6877276606876078
0.6877276606876078
0.6877276606876078
0.6877276606876078
0.6877276606876078
0.6877276606876078
0.6877276606876078
0.6877276606876078
0.6877276606876078
0.6877276606876078
0.6877276606876078
0.6877276606876078
0.6877276606876078
0.6877276606876078
0.6877276606876078
0.6877276606876078
0.6877276606876078
0.6877276606876078
0.6877276606876078
0.6877276606876078
0.6877276606876078
0.6877276606876078
0.6877276606876078
0.6877276606876078
0.6877276606876078
0.6877276606876078
0.6877276606876078
0.6877276606876078
0.6877276606876078
0.6877276606876078
0.6877276606876078
0.6877276606876078
0.6877276606876078
0.6877276606876078
0.6877276606876078
0.6877276606876078
0.6877276606876078
0.6877276606876078
0.6877276606876078
0.6877276606876078
0.6877276606876078
0.6877276606876078
0.6877276606876078
0.6877276606876078
0.6877276606876078
0.6877276606876078
0.6877276606876078
0.6877276606876078
0.6877276606876078
0.6877276606876078
0.6877276606876078
0.6877276606876078
0.6877276606876078
0.6877276606876078
0.6877276606876078
0.6877276606876078
0.6877276606876078
0.6877276606876078
0.6877276606876078
0.6877276606876078
0.6877276606876078
0.6877276606876078
0.6877276606876078
0.6877276606876078
0.6877276606876078
0.6877276606876078
0.6877276606876078
0.6877276606876078
0.6877276606876078
0.6877276606876078
0.6877276606876078
0.6877276606876078
0.6877276606876078
0.6877276606876078
0.6877276606876078
0.6877276606876078
0.6877276606876078
0.6877276606876078
0.6877276606876078
0.6877276606876078
0.6877276606876078
0.6877276606876078
0.6877276606876078
0.6877276606876078
0.6877276606876078
0.6877276606876078
0.6877276606876078
0.6877276606876078
0.6877276606876078
0.6877276606876078
0.6877276606876078
0.6877276606876078
0.6877276606876078
0.6877276606876078
0.6877276606876078
0.6877276606876078
0.6877276606876078
0.6877276606876078
0.6877276606876078
0.6877276606876078
0.6877276606876078
0.6877276606876078
0.6877276606876078
0.6877276606876078
0.6877276606876078
