0.803716691031237
0.8245255976695098
0.8560133716933651
0.855609741980842
0.8642653944243079
0.856234434984717
0.8552503999151977
0.8640170465812664
0.8625268761972011
0.8604431856196015
0.8623641315274159
0.8648666992658702
0.8660378718637849
0.8655082287654224
0.8654468061459544
0.8651811847124774
0.8660383105125282
0.8657169565385335
0.8661613709109743
0.8655625464689833
0.8662494757925587
0.8667914298344269
0.8671220948588406
0.8672664321232434
0.8662431787581206
0.866158691058357
0.8662677866702619
0.8669997628569934
0.8657053887899372
0.8667879089709202
0.8664916327601345
0.8654757503863847
0.8669157329152258
0.8664916327601343
0.8664916327601343
0.866915732915226
0.8664916327601345
0.8664916327601346
0.8664916327601346
0.8668322363348431
