0.3322
0.4142
0.4489
0.4718
0.4595
0.4489
0.4441
0.4461
0.4406
0.4415
0.4396
0.4391
0.4436
0.4381
0.4475
0.4438
0.4511
0.4486
0.4496
0.4529
0.4541
0.4535
0.4535
0.4541
0.4564
0.4591
0.4589
0.4555
0.4569
0.4579
0.4571
0.46
0.4589
0.461
0.4606
0.4641
0.4635
0.465
0.4623
0.4655
0.4654
0.4653
0.4699
0.4655
0.4666
0.4657
0.4698
0.4696
0.4671
0.4671
0.4721
0.4692
0.4724
0.4727
0.4761
0.4753
0.4735
0.4768
0.4796
0.4807
0.4812
0.4829
0.4823
0.4813
0.4836
0.484
0.4851
0.4906
0.4899
0.4875
0.4896
0.4915
0.4935
0.4946
0.4938
0.496
0.4951
0.4963
0.4959
0.4958
0.4993
0.4985
0.5003
0.5
0.4985
0.499
0.5052
0.4981
0.5016
0.5037
0.5027
0.506
0.5057
0.5053
0.5064
0.5058
0.5074
0.5072
0.5091
0.5071
0.5081
0.5098
0.5079
0.5084
0.5102
0.5094
0.5105
0.5136
0.5109
0.5124
0.5124
0.5117
0.5128
0.5152
0.5147
0.516
0.5159
0.5123
0.5142
0.5148
0.5157
0.5144
0.5174
0.5177
0.5153
0.517
0.5181
0.5197
0.5182
0.5163
0.5182
0.5176
0.5196
0.5184
0.5202
0.517
0.5213
0.5202
0.5169
0.5207
0.5211
0.5183
0.5209
0.5195
0.521
0.5219
0.5228
0.5226
0.5221
0.5232
0.5239
0.5234
0.5211
0.5228
0.5232
0.5239
0.5222
0.5253
0.523
0.5256
0.5225
0.5232
0.5259
0.5258
0.526
0.5259
0.5255
0.5242
0.5265
0.526
0.5249
0.5246
0.5259
0.5268
0.5278
0.5265
0.5261
0.5267
0.5261
0.5264
0.5286
0.5273
0.5265
0.528
0.5272
0.5271
0.5261
0.5282
0.5303
0.5278
0.5284
0.5283
0.5282
0.5287
0.5292
0.5303
0.5303
0.5309
0.5281
0.5281
0.5298
0.5319
0.5295
0.5298
0.529
0.5318
0.5321
0.5304
0.5314
0.531
0.5295
0.5292
0.5305
0.5318
0.5305
0.5309
0.5326
0.5336
0.5306
0.5324
0.5317
0.5315
0.5319
0.5331
0.5325
0.5323
0.5319
0.5321
0.5331
0.5337
0.5319
0.5319
0.5326
0.5328
0.5323
0.5329
0.5336
0.5339
0.5309
0.533
0.534
0.5325
0.5344
0.5323
0.5341
0.5344
0.5344
0.5341
0.5342
0.5346
0.5341
0.534
0.5333
0.5351
0.534
0.5354
0.5345
0.5341
0.5336
0.5331
0.534
0.5334
0.5349
0.5348
0.5339
0.5328
0.5353
0.5349
0.5351
0.5344
0.5341
0.5351
0.5343
0.5348
0.5351
0.5343
0.5341
0.5347
0.5346
0.5338
0.5342
0.5338
0.5342
0.535
0.5352
0.5351
0.5359
0.5348
0.5349
0.535
0.536
0.5351
0.5345
0.5358
0.5351
0.5355
0.5348
0.535
0.5357
0.5353
0.5364
0.5355
0.5359
0.5356
0.536
0.5355
0.5362
0.5356
0.5362
0.5355
0.5352
0.5353
0.536
0.5351
0.5355
0.5357
0.5354
0.5357
0.5357
0.5358
0.5368
0.5359
0.5358
0.535
0.5352
0.5363
0.5358
0.5361
0.5359
0.5362
0.5358
0.5361
0.5354
0.5366
0.5356
0.535
0.5363
0.5359
0.5372
0.5363
0.5355
0.537
0.5358
0.5373
0.536
0.5361
0.5362
0.536
0.5359
0.5363
0.5357
0.536
0.5362
0.5362
0.5363
0.5362
0.5369
0.5362
0.5364
0.5368
0.5358
0.5366
0.5366
0.5361
0.5365
0.5368
0.5372
0.5361
0.5373
0.5366
0.5363
0.5369
0.5373
0.5364
0.5374
0.5368
0.5369
0.5375
0.5363
0.5369
0.5364
0.5359
0.5375
0.5365
0.537
0.5367
0.5368
0.5379
0.5368
0.5366
0.5367
0.536
0.5357
0.537
0.5376
0.5372
0.5369
0.5378
0.5368
0.537
0.5363
0.5365
0.5367
0.5366
0.5369
0.5372
0.5377
0.5371
0.5376
0.5379
0.537
0.5367
0.537
0.5363
0.537
0.5369
0.5368
0.5371
0.5371
0.5374
0.5384
0.5369
0.5371
0.5369
0.5375
0.5378
0.5378
0.5377
0.5389
0.5379
0.5375
0.5373
0.5379
0.5388
0.5376
0.5385
0.5378
0.5375
0.5376
0.5381
0.5372
0.5369
0.5374
0.5378
0.5379
0.5373
0.5376
0.5371
0.5376
0.5376
0.5373
0.5373
0.5374
0.5376
0.5374
0.5372
0.5372
0.5377
0.5379
0.5379
0.5381
0.5372
0.5382
0.5384
0.5378
0.5378
0.5381
0.5387
0.538
0.5379
0.5381
0.5383
0.538
0.5376
0.5389
0.5382
0.5376
0.538
0.5387
0.5379
0.5382
0.5379
0.5385
0.5374
0.5388
0.5376
0.5379
0.538
0.5383
0.5383
0.5378
0.5385
0.5378
0.5383
0.5381
0.5376
0.5376
0.5385
0.5385
0.5375
0.5382
0.538
0.538
0.5385
0.538
0.5379
0.5373
0.538
0.5377
0.5378
0.5387
0.5382
0.5378
0.5381
0.5384
0.5378
0.5389
0.5393
0.538
0.5382
0.5383
0.5383
0.5394
0.5382
0.5383
0.5385
0.5379
0.5383
0.5381
0.5382
0.5385
0.5386
0.5379
0.5382
0.538
0.5378
0.5385
0.5392
0.5382
0.5383
0.5383
0.5383
0.5386
0.5379
0.5384
0.5385
0.5384
0.5386
0.5382
0.5385
0.5384
0.5384
0.5386
0.5388
0.5383
0.5381
0.5385
0.539
0.5379
0.5386
0.5387
0.5387
0.5395
0.5386
0.5383
0.5384
0.5389
0.5387
0.5387
0.5388
0.5385
0.5387
0.5381
0.5388
0.5389
0.5387
0.5393
0.5388
0.5386
0.5387
0.5386
0.5392
0.5386
0.5388
0.539
0.5384
0.5387
0.5385
0.5391
0.5391
0.539
0.5392
0.5389
0.5391
0.5381
0.539
0.5387
0.539
0.5392
0.5389
0.5391
0.5383
0.539
0.5386
0.5387
0.5391
0.5391
0.5392
0.5387
0.5394
0.5392
0.539
0.5389
0.5392
0.5391
0.5393
0.5389
0.5388
0.5388
0.5392
0.5389
0.5393
0.5383
0.5387
0.5386
0.539
0.5387
0.5392
0.5386
0.539
0.5389
0.5387
0.5386
0.5387
0.539
0.5386
0.5389
0.5387
0.5387
0.5386
0.5392
0.5384
0.5388
0.5386
0.5387
0.5388
0.5385
0.5388
0.5385
0.5387
0.5385
0.5387
0.5388
0.5389
0.539
0.5389
0.5388
0.5388
0.5389
0.5389
0.5393
0.5391
0.5393
0.5395
0.5394
0.539
0.5392
0.5392
0.5392
0.5389
0.5394
0.5392
0.5392
0.5385
0.5394
0.5389
0.5391
0.5392
0.5389
0.5391
0.5392
0.5391
0.5388
0.539
0.5388
0.5388
0.5389
0.539
0.5388
0.539
0.5386
0.5388
0.5397
0.5389
0.5391
0.5392
0.539
0.5389
0.539
0.5389
0.5386
0.5391
0.539
0.5391
0.5391
0.5387
0.5389
0.5393
0.5388
0.5388
0.539
0.5388
0.5389
0.5391
0.5388
0.5389
0.5389
0.5391
0.5392
0.539
0.5392
0.5393
0.539
0.539
0.5389
0.5389
0.539
0.5388
0.539
0.5388
0.5391
0.5391
0.539
0.5389
0.5389
0.5389
0.5389
0.5391
0.5391
0.539
0.539
0.5389
0.539
0.5391
0.5388
0.5391
0.5391
0.5388
0.5391
0.539
0.5392
0.5391
0.539
0.539
0.539
0.5393
0.5392
0.539
0.5391
0.539
0.5388
0.5389
0.5389
0.539
0.5388
0.539
0.5391
0.5391
0.5389
0.5391
0.5391
0.5391
0.5391
0.5389
0.539
0.5392
0.5391
0.539
0.539
0.539
0.5389
0.539
0.539
0.5392
0.5391
0.5391
0.5391
0.5388
0.5391
0.539
0.5389
0.539
0.539
0.5392
0.5391
0.5391
0.539
0.5391
0.5392
0.5391
0.539
0.539
0.5392
0.539
0.5391
0.5393
0.5392
0.5394
0.5391
0.5392
0.5391
0.539
0.5391
0.539
0.5391
0.5391
0.539
0.5389
0.5391
0.5391
0.5392
0.5391
0.5392
0.5391
0.539
0.539
0.5391
0.5391
0.5392
0.5393
0.5391
0.5392
0.5392
0.5393
0.5395
0.5393
0.5393
0.5393
0.5393
0.5391
0.5392
0.5392
0.5392
0.5392
0.5392
0.5393
0.5393
0.5392
0.5392
0.539
0.5392
0.5391
0.5392
0.5392
0.5394
0.5393
0.5391
0.5395
0.5391
0.5392
0.5392
0.5393
0.5393
0.5392
0.5392
0.5392
0.5393
0.5391
0.5392
0.5392
0.539
0.539
0.5392
0.539
0.5391
0.5391
0.5391
0.5394
0.5392
0.5394
0.5392
0.5391
0.5392
0.5389
0.5389
0.5392
0.5392
0.5391
0.5393
0.5392
0.5394
0.5393
0.5391
0.539
0.539
0.5391
0.5391
0.5392
0.5392
0.5391
0.5391
0.5393
0.5392
0.5393
0.5394
0.5391
0.5392
0.5392
0.5393
0.5391
0.5392
0.5393
0.5392
0.5395
0.5392
0.5392
0.5392
0.5391
0.5392
0.5392
0.5393
0.5393
0.5395
0.5393
0.5393
0.5393
0.5393
0.5393
0.5393
0.5392
0.5393
0.5393
0.5393
0.5394
0.5393
0.5392
0.5392
0.5393
0.5392
0.5392
0.5393
0.5393
0.5393
0.5393
0.5393
0.5393
0.5392
0.5392
0.5393
0.5393
0.5392
0.5392
0.5392
0.5392
0.5393
0.5392
0.5393
0.5393
0.5392
0.5391
0.5392
0.5394
0.5392
0.5392
0.5393
0.5394
0.5394
0.5394
0.5393
0.5393
0.5392
0.5391
0.5393
0.5393
0.5392
0.5394
0.5394
0.5393
0.5393
0.5393
0.5393
0.5393
0.5393
0.5392
0.5393
0.5393
0.5392
0.5393
0.5393
0.5393
0.5393
0.5394
0.5393
0.5393
0.5393
0.5393
0.5393
0.5393
0.5393
0.5391
0.5391
0.5391
0.5392
0.5392
0.5393
0.5392
0.5392
0.5392
0.5392
0.5392
0.5392
0.5392
0.5392
0.5393
0.5392
0.5393
0.5394
0.5392
0.5393
0.5393
0.5394
0.5393
0.5392
0.5392
0.5394
0.5392
0.5393
0.5394
0.5394
0.5393
0.5393
0.5393
0.5392
0.5392
0.5392
0.5392
0.5393
0.5392
0.5393
0.5393
0.5393
0.5392
0.5393
0.5393
0.5392
0.5392
0.5393
0.5393
0.5392
0.5392
0.5393
0.5392
0.5393
0.5393
0.5393
0.5393
0.5393
0.5393
0.5392
0.5392
0.5392
0.5392
0.5392
0.5392
0.5393
0.5393
0.5393
0.5392
0.5393
0.5393
0.5393
0.5392
0.5392
0.5392
0.5392
0.5393
0.5392
0.5394
0.5392
0.5392
0.5392
0.5393
0.5392
0.5392
0.5393
0.5392
0.5392
0.5393
0.5392
0.5392
0.5392
0.5393
0.5393
0.5392
0.5392
0.5392
0.5392
0.5393
0.5393
0.5393
0.5393
0.5393
0.5393
0.5393
0.5393
0.5393
0.5393
0.5393
0.5393
0.5392
0.5393
0.5393
0.5392
0.5392
0.5392
0.5393
0.5393
0.5393
0.5393
0.5393
0.5393
0.5394
0.5393
0.5393
0.5394
0.5394
0.5394
0.5394
0.5393
0.5393
0.5393
0.5394
0.5396
0.5397
0.5394
0.5394
0.5395
0.5393
0.5393
0.5394
0.5395
0.5394
0.5394
0.5397
0.5395
0.5395
0.5394
0.5393
0.5394
0.5393
0.5393
0.5393
0.5393
0.5394
0.5393
0.5393
0.5392
0.5394
0.5394
0.5394
0.5393
0.5395
0.5394
0.5394
0.5394
0.5394
0.5394
0.5393
0.5393
0.5393
0.5394
0.5393
0.5393
0.5394
0.5393
0.5394
0.5394
0.5393
0.5394
0.5394
0.5394
0.5393
0.5393
0.5393
0.5393
0.5394
0.5395
0.5393
0.5393
0.5393
0.5393
0.5394
0.5393
0.5393
0.5393
0.5393
0.5393
0.5393
0.5394
0.5394
0.5393
0.5393
0.5393
0.5393
0.5394
0.5394
0.5394
0.5394
0.5394
0.5394
0.5394
0.5393
0.5394
0.5394
0.5394
0.5394
0.5394
0.5394
0.5394
0.5394
0.5394
0.5394
0.5394
0.5394
0.5394
0.5393
0.5393
0.5393
0.5394
0.5392
0.5393
0.5393
0.5392
0.5393
0.5393
0.5392
0.5393
0.5393
0.5393
0.5393
0.5393
0.5393
0.5392
0.5392
0.5392
0.5393
0.5392
0.5392
0.5393
0.5392
0.5392
0.5392
0.5392
0.5392
0.5392
0.5392
0.5392
0.5392
0.5392
0.5392
0.5392
0.5392
0.5392
0.5392
0.5392
0.5393
0.5392
0.5393
0.5393
0.5393
0.5392
0.5393
0.5393
0.5393
0.5392
0.5392
0.5392
0.5392
0.5392
0.5393
0.5392
0.5392
0.5393
0.5392
0.5392
0.5392
0.5393
0.5393
0.5393
0.5393
0.5393
0.5392
0.5392
0.5393
0.5393
0.5393
0.5393
0.5393
0.5392
0.5393
0.5392
0.5393
0.5393
0.5393
0.5393
0.5393
0.5393
0.5392
0.5392
0.5392
0.5392
0.5392
0.5392
0.5392
0.5392
0.5392
0.5393
0.5392
0.5392
0.5392
0.5392
0.5392
0.5392
0.5392
0.5392
0.5392
0.5392
0.5392
0.5392
0.5393
0.5392
0.5392
0.5392
0.5392
0.5392
0.5392
0.5392
0.5392
0.5392
0.5392
0.5392
0.5392
0.5392
0.5392
0.5392
0.5392
0.5392
0.5392
0.5392
0.5392
0.5392
0.5392
0.5392
0.5392
0.5392
0.5392
0.5393
0.5393
0.5393
0.5392
0.5393
0.5393
0.5393
0.5393
0.5393
0.5392
0.5393
0.5392
0.5393
0.5393
0.5392
0.5392
0.5393
0.5392
0.5392
0.5392
0.5392
0.5392
0.5392
0.5392
0.5392
0.5392
0.5392
0.5393
0.5392
0.5392
0.5393
0.5392
0.5393
0.5394
0.5393
0.5393
0.5393
0.5393
0.5393
0.5393
0.5393
0.5392
0.5393
0.5393
0.5393
0.5393
0.5393
0.5393
0.5393
0.5393
0.5393
0.5393
0.5393
0.5393
0.5393
0.5393
0.5393
0.5393
0.5393
0.5393
0.5393
0.5393
0.5393
0.5393
0.5393
0.5393
0.5393
0.5393
0.5392
0.5393
0.5393
0.5392
0.5393
0.5392
0.5393
0.5393
0.5392
0.5392
0.5392
0.5392
0.5392
0.5393
0.5392
0.5392
0.5392
0.5392
0.5392
0.5392
0.5392
0.5393
0.5392
0.5392
0.5392
0.5392
0.5392
0.5392
0.5392
0.5392
0.5392
0.5392
0.5393
0.5392
0.5392
0.5392
0.5392
0.5392
0.5392
0.5392
0.5392
0.5392
0.5392
0.5392
0.5392
0.5392
0.5392
0.5392
0.5392
0.5392
0.5392
0.5392
0.5392
0.5392
0.5392
0.5392
0.5392
0.5393
0.5392
0.5392
0.5392
0.5392
0.5392
0.5392
0.5392
0.5392
0.5392
0.5392
0.5392
0.5392
0.5392
0.5392
0.5392
0.5392
0.5392
0.5392
0.5392
0.5392
0.5392
0.5392
0.5392
0.5393
0.5392
0.5392
0.5392
0.5392
0.5392
0.5392
0.5392
0.5392
0.5392
0.5392
0.5392
0.5392
0.5392
0.5392
0.5392
0.5392
0.5392
0.5392
0.5392
0.5392
0.5392
0.5392
0.5392
0.5392
0.5392
0.5392
0.5392
0.5392
0.5392
0.5392
0.5392
0.5392
0.5392
0.5392
0.5392
0.5392
0.5392
0.5392
0.5392
0.5392
0.5393
0.5393
0.5392
0.5392
0.5393
0.5392
0.5392
0.5392
0.5392
0.5392
0.5392
0.5392
0.5392
0.5393
0.5393
0.5393
0.5393
0.5392
0.5392
0.5392
0.5392
0.5392
0.5392
0.5392
0.5392
0.5392
0.5392
0.5393
0.5392
0.5392
0.5392
0.5392
0.5392
0.5392
0.5392
0.5392
0.5392
0.5392
0.5392
0.5392
0.5392
0.5392
0.5392
0.5392
0.5392
0.5392
0.5392
0.5392
0.5392
0.5392
0.5392
0.5392
0.5392
0.5392
0.5392
0.5392
0.5392
0.5392
0.5392
0.5392
0.5392
0.5392
0.5392
0.5392
0.5392
0.5392
0.5392
0.5392
0.5392
0.5392
0.5392
0.5392
0.5392
0.5392
0.5392
0.5392
0.5392
0.5392
0.5392
0.5392
0.5392
0.5392
0.5392
0.5392
0.5392
0.5392
0.5392
0.5392
0.5392
0.5392
0.5392
0.5392
0.5392
0.5392
0.5392
0.5392
0.5392
0.5392
0.5392
0.5392
0.5392
0.5392
0.5392
0.5392
0.5392
0.5392
0.5392
0.5392
0.5392
0.5392
0.5392
0.5392
0.5392
0.5392
0.5392
0.5392
0.5392
0.5392
0.5392
0.5392
0.5392
0.5392
0.5392
0.5392
0.5392
0.5392
0.5392
0.5392
0.5392
0.5392
0.5392
0.5392
0.5392
0.5392
0.5392
0.5392
0.5392
0.5392
0.5392
0.5392
0.5392
0.5392
0.5392
0.5392
0.5392
0.5392
0.5392
0.5392
0.5392
0.5392
0.5392
0.5392
0.5392
0.5392
0.5392
0.5392
0.5392
0.5392
0.5392
0.5392
0.5392
0.5392
0.5392
0.5392
0.5392
0.5392
0.5392
0.5392
0.5392
0.5392
0.5392
0.5392
0.5392
0.5392
0.5392
0.5392
0.5392
0.5392
0.5392
0.5392
0.5392
0.5392
0.5392
0.5392
0.5392
0.5392
0.5392
0.5392
0.5392
0.5392
0.5392
0.5392
0.5392
0.5392
0.5392
0.5392
0.5392
0.5392
0.5392
0.5392
0.5392
0.5392
0.5392
0.5392
0.5392
0.5392
0.5392
0.5392
0.5392
0.5392
0.5392
0.5392
0.5392
0.5392
0.5392
0.5392
0.5392
0.5392
0.5392
0.5392
0.5392
0.5392
0.5392
0.5392
0.5392
0.5392
0.5392
0.5392
0.5392
0.5392
0.5392
0.5392
0.5392
0.5392
0.5392
0.5392
0.5392
0.5392
0.5392
0.5392
0.5392
0.5392
0.5392
0.5392
0.5392
0.5392
0.5392
0.5392
0.5392
0.5392
0.5392
0.5392
0.5392
0.5392
0.5392
0.5392
0.5392
0.5392
0.5392
0.5392
0.5392
0.5392
0.5392
0.5392
0.5392
0.5392
0.5392
0.5392
0.5392
0.5392
0.5392
0.5392
0.5392
0.5392
0.5392
0.5392
0.5392
0.5392
0.5392
0.5392
0.5392
0.5392
0.5392
0.5392
0.5392
0.5392
0.5392
0.5392
0.5392
0.5392
0.5392
0.5392
0.5392
0.5392
0.5392
0.5392
0.5392
0.5392
0.5392
0.5392
0.5392
0.5392
0.5392
0.5392
0.5392
0.5392
0.5392
0.5392
0.5392
0.5392
0.5392
0.5392
0.5392
0.5392
0.5392
0.5392
0.5392
0.5392
0.5392
0.5392
0.5392
0.5392
0.5392
0.5392
0.5392
0.5392
0.5392
0.5392
0.5392
0.5392
0.5392
0.5392
0.5392
0.5392
0.5392
0.5392
0.5392
0.5392
0.5392
0.5392
0.5392
0.5392
0.5392
0.5392
0.5392
0.5392
0.5392
0.5392
0.5392
0.5392
0.5392
0.5392
0.5392
0.5392
0.5392
0.5392
0.5392
0.5392
0.5392
0.5392
0.5392
0.5392
0.5392
0.5392
0.5392
0.5392
0.5392
0.5392
0.5392
0.5392
0.5392
0.5392
0.5392
0.5392
0.5392
0.5392
0.5392
0.5392
0.5392
0.5392
0.5392
0.5392
0.5392
0.5392
0.5392
0.5392
0.5392
0.5392
0.5392
0.5392
0.5392
0.5392
0.5392
0.5392
0.5392
0.5392
0.5392
0.5392
0.5392
0.5392
0.5392
0.5392
0.5392
0.5392
0.5392
0.5392
0.5392
0.5392
0.5392
0.5392
0.5392
0.5392
0.5392
0.5392
0.5392
0.5392
0.5392
0.5392
0.5392
0.5392
0.5392
0.5392
0.5392
0.5392
0.5392
0.5392
0.5392
0.5392
0.5392
0.5392
0.5392
0.5392
0.5392
0.5392
0.5392
0.5392
0.5392
0.5392
0.5392
0.5392
0.5392
0.5392
0.5392
0.5392
0.5392
0.5392
0.5392
0.5392
0.5392
0.5392
0.5392
0.5392
0.5392
0.5392
