
Parameter List:
[Parameter containing:
tensor([[-0.0204, -0.0063,  0.0138,  ..., -0.0162,  0.0237, -0.0222],
        [ 0.0128, -0.0177, -0.0107,  ...,  0.0035,  0.0126, -0.0316],
        [ 0.0335, -0.0326, -0.0190,  ..., -0.0058, -0.0355,  0.0192],
        ...,
        [ 0.0094,  0.0351, -0.0020,  ...,  0.0088,  0.0055, -0.0104],
        [-0.0237,  0.0005,  0.0164,  ...,  0.0344, -0.0155, -0.0356],
        [ 0.0225, -0.0188, -0.0188,  ...,  0.0106,  0.0331, -0.0109]],
       device='cuda:0', requires_grad=True), Parameter containing:
tensor([ 0.1435, -0.0850,  0.0775,  0.1690, -0.0739,  0.0269, -0.0339,  0.0139,
         0.0209,  0.0043,  0.0417,  0.0584, -0.0267,  0.0160, -0.1013,  0.0795,
         0.1083, -0.0068,  0.0686, -0.0127,  0.1532,  0.1483,  0.0413, -0.0249,
         0.0644, -0.0982, -0.0581,  0.0530,  0.0007,  0.0560, -0.0441,  0.0127,
         0.0756, -0.1051,  0.0748, -0.0310,  0.0274,  0.0138,  0.0192, -0.1611,
         0.1887, -0.0674,  0.0937,  0.1820, -0.0239, -0.0069,  0.1583,  0.1174,
        -0.0455, -0.0144,  0.0360,  0.0836,  0.0941, -0.0557,  0.1537,  0.1031,
         0.0095, -0.0180,  0.0450, -0.0141,  0.0303, -0.0123, -0.0700,  0.0806,
         0.0296,  0.0653,  0.0890,  0.0697,  0.0448,  0.0196, -0.1388,  0.2571,
         0.1007,  0.0048,  0.0353,  0.0128,  0.0913,  0.0261,  0.0783, -0.0179,
         0.0529,  0.0129, -0.0046,  0.0217, -0.1026,  0.0942,  0.1427,  0.0605,
        -0.0905,  0.0943,  0.1214,  0.0308,  0.1651,  0.0781, -0.1122,  0.1986,
        -0.0105,  0.1052,  0.0918, -0.1564,  0.0597,  0.0808,  0.0336, -0.0572,
        -0.0056,  0.0317,  0.1551,  0.0215,  0.0501, -0.1378, -0.0842,  0.0116,
        -0.0284,  0.0303,  0.0528,  0.0239,  0.0722,  0.0294, -0.1336, -0.0082,
         0.0874,  0.1714, -0.0872, -0.0342,  0.0680,  0.0500,  0.0977,  0.1378,
        -0.0201,  0.0734,  0.0407,  0.0304,  0.1470,  0.0635, -0.0387,  0.0087,
         0.0355, -0.1256,  0.1197,  0.0450,  0.0790,  0.1828,  0.1449,  0.0326,
         0.0021,  0.0134,  0.0503,  0.1662, -0.0087, -0.0264,  0.0088,  0.0100,
         0.0771,  0.1154,  0.0225, -0.1689,  0.1514,  0.0184,  0.0240,  0.0139,
         0.0706,  0.0217,  0.0259,  0.0688,  0.0320, -0.0147, -0.1477,  0.0747,
         0.0108,  0.0352,  0.0844,  0.0252, -0.0587, -0.0042,  0.0766,  0.1780,
         0.1868,  0.0481,  0.2232,  0.0259,  0.1514,  0.1696,  0.1510, -0.0385,
        -0.0040,  0.0877,  0.0707,  0.0321,  0.1073, -0.1028, -0.0130,  0.1429,
         0.0776,  0.0661,  0.0058,  0.0097,  0.1292,  0.0508,  0.0435,  0.0302,
         0.0843,  0.2197, -0.1569, -0.0453,  0.0222,  0.1044,  0.1935,  0.0431,
         0.0257, -0.0164, -0.0152, -0.0844, -0.0621,  0.0190,  0.0662,  0.0440,
         0.1362, -0.1386,  0.1445, -0.0052,  0.1779,  0.1496, -0.0162,  0.1411,
        -0.0106, -0.1523,  0.0256, -0.0464,  0.0263,  0.0621,  0.1005,  0.0180,
         0.1038,  0.1860,  0.1199, -0.0071,  0.0611,  0.0224,  0.0826, -0.1235,
         0.0337,  0.0076,  0.0096,  0.0628, -0.0770,  0.0797, -0.0004,  0.0380,
         0.0632,  0.1519,  0.0221,  0.0251,  0.0736,  0.1633,  0.0743,  0.0856,
        -0.0133,  0.0856,  0.0267,  0.0246, -0.1046,  0.0111,  0.0856,  0.1080,
        -0.0135,  0.0915,  0.0472, -0.0341,  0.1583,  0.0170,  0.0239,  0.0923,
         0.0415,  0.0224,  0.0545, -0.0187,  0.0219,  0.0640, -0.0210,  0.0735,
         0.1063,  0.0041, -0.0276, -0.0070,  0.0824,  0.1425,  0.1791,  0.1142,
         0.0323,  0.0302,  0.0056,  0.1598,  0.0490,  0.0678,  0.0840, -0.0335,
         0.0906,  0.1606,  0.0564,  0.0268, -0.1138, -0.0857,  0.0038, -0.1099,
         0.0032,  0.1196, -0.0692,  0.0250,  0.0229,  0.1102,  0.0723,  0.1140,
         0.0369,  0.1281,  0.1442,  0.1967, -0.0145,  0.1348,  0.1807,  0.0536,
         0.0914,  0.0625,  0.0279,  0.0667,  0.1006,  0.0764,  0.0302,  0.0550,
         0.0341,  0.0368,  0.0942,  0.0585,  0.0894,  0.0434, -0.1118,  0.1162,
        -0.0235,  0.0333, -0.0684,  0.0154, -0.0213, -0.0087, -0.0104, -0.0161,
         0.0743,  0.0719,  0.0566,  0.2037,  0.2115, -0.0050, -0.1632, -0.0291,
         0.2149,  0.1606,  0.1457, -0.0036,  0.0760, -0.0523, -0.1463, -0.0356,
        -0.0438,  0.1221, -0.0576,  0.0885,  0.0110, -0.0068, -0.0144, -0.0645,
         0.0709,  0.1139,  0.0036,  0.1722,  0.0044,  0.0501,  0.0815,  0.0232,
        -0.0043, -0.0127,  0.0111,  0.0156,  0.0295,  0.0477,  0.0928,  0.2117,
         0.1103, -0.0179,  0.0709,  0.2512,  0.0355,  0.0461,  0.0432,  0.0645,
         0.0756,  0.0463,  0.0756,  0.0928,  0.0433,  0.1805,  0.0565, -0.0548,
        -0.0291,  0.0820,  0.1042,  0.0163,  0.0448, -0.0474, -0.1044,  0.1783,
         0.0052, -0.0249,  0.0031,  0.0854,  0.0061,  0.0184,  0.0679, -0.0082,
         0.0519,  0.1326,  0.0872, -0.0040,  0.0126,  0.0591,  0.0875,  0.0781,
         0.0871,  0.2632,  0.1257, -0.0119,  0.0313,  0.0527,  0.0088,  0.0993,
        -0.0946, -0.1487, -0.0272,  0.0938,  0.0191,  0.0575, -0.1296,  0.0856,
         0.0124,  0.0237,  0.1332,  0.0734, -0.0353,  0.0748, -0.1415,  0.1085,
         0.0630,  0.0627,  0.1393,  0.0555,  0.1721,  0.1767,  0.2374,  0.0789,
        -0.0839,  0.0194, -0.0535,  0.0802,  0.0881,  0.0113,  0.2175,  0.0181,
         0.0071, -0.1370,  0.0821, -0.0879,  0.0517,  0.0180,  0.1081,  0.0149,
         0.0796,  0.1674,  0.0628,  0.0759,  0.1160,  0.0933, -0.0026,  0.1163,
         0.1082, -0.0508,  0.1840,  0.0360, -0.0137, -0.0157,  0.0033,  0.0829,
         0.0704,  0.1233, -0.0229, -0.0136, -0.0292,  0.0539, -0.0285, -0.1062,
         0.0644,  0.1717,  0.0762, -0.0031], device='cuda:0',
       requires_grad=True), Parameter containing:
tensor([[ 0.0266, -0.0458,  0.0370,  ..., -0.0386,  0.0208,  0.0526],
        [-0.0112,  0.0648,  0.0088,  ...,  0.0221,  0.0468,  0.0057],
        [ 0.1083, -0.0208,  0.0796,  ..., -0.0039, -0.0440,  0.0193],
        ...,
        [-0.0068,  0.0325,  0.0138,  ...,  0.0340, -0.0047, -0.0286],
        [-0.0417,  0.0673, -0.0054,  ...,  0.0212, -0.0239, -0.0270],
        [ 0.0541,  0.0296,  0.0286,  ...,  0.0340,  0.0267,  0.0537]],
       device='cuda:0', requires_grad=True), Parameter containing:
tensor([-1.7385e-03, -8.2626e-02, -4.0052e-02,  2.1477e-01, -6.5773e-02,
         2.6483e-02,  2.6868e-02, -1.9790e-02,  1.6821e-02,  1.4987e-01,
         8.8597e-02,  4.1095e-02,  5.0679e-02,  1.5795e-01,  1.6026e-02,
         2.2278e-02,  8.6380e-04,  1.4920e-01, -1.5401e-02,  4.3667e-02,
         1.1286e-01,  4.9907e-02,  1.3699e-01,  2.5540e-02,  6.8847e-02,
         4.5357e-02,  3.3904e-02,  9.6807e-02, -3.8082e-02,  7.9783e-02,
        -2.1045e-03,  7.0730e-02,  5.2083e-02,  1.8212e-02,  3.9043e-02,
         9.8229e-02, -1.1744e-02,  3.4139e-02,  2.8260e-02,  6.9065e-02,
        -1.8162e-02,  7.1024e-02, -2.1840e-02,  9.4625e-02,  6.2013e-02,
        -8.0928e-03,  1.1649e-01,  9.6603e-02,  1.0462e-01,  1.1860e-01,
        -6.0930e-02,  6.8132e-02, -7.9559e-05,  9.6935e-02, -1.4197e-02,
         1.6138e-02,  2.4935e-02, -2.5529e-03,  1.6191e-01,  1.0392e-01,
         1.9396e-03,  1.6161e-02,  9.4806e-02,  1.2635e-01,  1.8712e-02,
         8.3313e-02,  2.1962e-02,  1.0374e-01,  1.0904e-01,  7.3897e-02,
         1.2137e-01,  1.3929e-01, -6.8075e-02,  5.8780e-02,  6.4974e-02,
         5.2237e-02, -1.2922e-02,  5.7330e-02,  5.5884e-02,  2.2248e-02,
         9.7859e-02,  1.0008e-01,  2.6129e-01, -4.4559e-02,  1.3782e-01,
        -9.9235e-03,  5.7236e-02, -4.4063e-02,  4.7200e-03,  1.2879e-02,
         5.5825e-04, -2.3557e-02,  2.3366e-02,  2.0543e-01, -5.1455e-03,
        -8.5792e-02, -2.1896e-02,  7.0779e-03,  2.1083e-02,  6.9158e-02,
         9.1672e-02, -2.0136e-02,  7.3359e-02, -1.9490e-02,  5.9911e-02,
        -7.3813e-03,  4.0717e-02,  6.0624e-02,  1.5025e-02, -3.5729e-02,
         6.7447e-02,  6.2514e-02,  4.6093e-02,  1.0979e-01,  8.2199e-03,
        -1.9311e-02,  9.0944e-03, -4.8343e-02,  9.2400e-02,  1.2579e-01,
         2.2283e-01,  6.8419e-02,  7.0578e-02,  3.1926e-02,  5.2358e-02,
        -4.8446e-02,  5.8882e-03,  4.9885e-02,  1.4366e-02,  1.0799e-01,
        -2.3359e-02,  8.0686e-02, -1.9757e-02,  8.9999e-02,  7.0990e-02,
         2.4117e-01,  1.6012e-01, -6.5636e-02, -3.4785e-02,  9.3501e-02,
         6.4203e-02,  2.8145e-02,  1.4686e-02,  1.0973e-01,  2.7233e-02,
         1.2100e-01,  9.9370e-02,  9.6210e-02, -7.9835e-02, -4.4516e-02,
         2.0391e-03,  7.3648e-02,  8.2010e-02,  1.0464e-01,  6.2987e-02,
         1.2934e-01, -3.6979e-02,  2.5667e-02,  9.8165e-02, -4.1691e-02,
         4.3914e-02,  5.3230e-02,  1.8557e-02, -1.1458e-02,  1.0451e-01,
         8.8052e-02,  1.0497e-01,  1.3367e-02,  2.9118e-02,  1.3047e-01,
        -7.3405e-04,  8.3163e-02,  8.6540e-03,  1.2232e-01,  1.5304e-01,
         6.6830e-02,  1.3826e-02,  6.3543e-02, -3.9435e-02,  8.7180e-02,
         4.8516e-02,  1.7344e-01,  7.2385e-02,  1.2467e-02,  1.6467e-02,
         4.2783e-02,  1.5566e-01,  8.9087e-02, -4.4622e-02,  6.6787e-02,
         2.7725e-02, -1.1361e-02,  1.8470e-01,  5.3700e-02,  5.6708e-02,
        -4.4848e-02, -2.6585e-02,  3.5137e-02,  1.1122e-01, -7.4985e-02,
        -1.6155e-01, -2.9555e-02,  7.0462e-03,  5.6232e-02,  2.7681e-02,
         1.3991e-02, -3.1493e-02,  4.5680e-02,  8.9926e-02,  5.4865e-02,
         4.1930e-02,  2.0178e-01, -1.2906e-02,  2.7175e-02,  1.7784e-02,
         7.5917e-02,  1.5490e-01, -2.5109e-02,  5.1909e-02, -2.8174e-02,
         4.3596e-02,  8.7472e-02,  1.2266e-02,  9.2685e-02, -1.1078e-02,
        -1.4520e-02,  2.8399e-02,  7.1761e-02, -3.3208e-02,  1.9815e-01,
        -1.7468e-02, -6.8616e-03, -1.2714e-01,  7.7159e-02,  7.1544e-02,
         1.3186e-01,  9.5128e-04,  7.7836e-02,  1.1629e-02,  1.6376e-02,
        -7.4811e-03,  6.6492e-02, -5.7184e-02, -3.3064e-02, -3.9973e-02,
        -1.1900e-01, -7.8366e-02,  1.5431e-01, -1.9170e-02,  3.7466e-02,
         6.3435e-02, -3.7681e-02,  3.3087e-02,  9.6511e-04, -3.8845e-02,
        -4.0295e-02, -4.4624e-02, -7.8980e-03,  4.7318e-02, -1.8409e-02,
         8.6597e-03, -2.2899e-02,  4.2417e-02, -6.5632e-02, -1.9531e-02,
        -2.0086e-02,  1.7836e-01, -1.9435e-02,  6.0271e-02, -4.6192e-02,
         1.3984e-01, -9.7085e-02,  2.4790e-02,  4.1413e-02, -3.8702e-02,
         5.1467e-03,  6.2975e-02,  4.1668e-02,  2.0502e-02,  3.8760e-02,
        -2.3169e-02,  1.0830e-01,  1.9058e-01,  3.5019e-02,  1.5428e-01,
         6.9534e-02, -5.7482e-03, -5.8373e-02, -4.1335e-03,  8.2514e-02,
         3.5936e-02,  6.9837e-02,  6.7324e-02, -2.2862e-02,  1.0574e-01,
        -5.4307e-02,  9.6366e-02, -1.1279e-02,  2.7676e-04,  7.5210e-02,
         8.4672e-02, -7.8476e-03, -1.6724e-02, -3.9512e-02,  1.6529e-01,
         1.5467e-01,  7.9646e-03, -2.2579e-02, -3.2961e-02,  9.3898e-02,
         5.5669e-02,  1.3985e-01,  6.9501e-02, -4.9832e-02, -5.1987e-02,
         2.0240e-01, -4.0055e-02,  1.2574e-03,  4.9422e-02,  4.6050e-02,
        -9.9667e-02, -8.6741e-03,  3.3962e-03,  4.2466e-02,  8.0834e-02,
         2.3675e-02,  1.7263e-01,  2.4076e-02,  3.2077e-02, -9.0823e-03,
         5.8932e-02,  2.4114e-02,  1.2410e-02,  4.1420e-02, -2.2493e-02,
        -3.3442e-02,  5.7843e-02,  2.9434e-02,  1.5317e-01,  1.2007e-02,
        -8.7744e-02, -4.4303e-02, -2.5072e-02,  1.7552e-02, -1.3742e-01,
        -3.7342e-02,  1.8378e-01,  3.7866e-02,  9.9442e-02,  3.6041e-02,
        -5.1580e-02,  1.1272e-02,  1.8559e-03,  1.0184e-01,  1.6371e-01,
         8.6992e-02,  6.5471e-02,  5.8419e-02, -3.8808e-02,  1.2586e-01,
         1.2620e-02, -9.9418e-04,  1.8920e-01, -2.1073e-03, -1.2222e-03,
        -2.7472e-03,  1.1186e-01,  4.5080e-02,  2.4194e-01,  1.2175e-01,
         4.2119e-02,  1.7727e-02,  7.2008e-02,  3.5502e-02,  1.1246e-01,
         1.7292e-01, -1.0235e-02,  5.7681e-02,  1.8741e-01, -1.4095e-02,
         1.1332e-01,  1.6863e-01, -4.2911e-02,  4.5214e-02,  8.5620e-03,
         1.3620e-02, -6.5143e-02,  1.0197e-02,  1.1211e-01,  1.0710e-01,
        -1.3554e-02,  2.1506e-01,  6.4727e-02, -3.0134e-02,  1.5964e-02,
        -9.1049e-03,  1.6944e-01,  6.5842e-02,  2.2147e-02,  1.9224e-01,
        -3.0932e-02, -2.2623e-02, -1.6844e-02, -5.8056e-02,  5.3960e-02,
         8.6358e-02, -2.1382e-02,  2.5393e-03,  2.7309e-02,  7.7425e-02,
         1.1322e-01,  7.8520e-02,  1.3708e-01, -2.3293e-02,  7.5680e-02,
         1.8787e-01,  2.9137e-02,  5.1469e-02, -1.0302e-02,  4.0521e-02,
        -4.0102e-04,  1.2233e-01, -3.1394e-02,  9.9176e-02,  1.0165e-02,
         2.2704e-02,  3.7067e-02,  1.2384e-01,  4.7269e-02, -2.5541e-02,
        -2.2241e-04,  9.8413e-02,  1.5860e-01,  1.7248e-01, -3.1995e-02,
         1.0352e-01,  1.0385e-01,  8.8066e-02, -7.0478e-03, -4.7710e-02,
         8.6419e-02,  9.1845e-02, -1.0535e-01, -3.5694e-02,  4.6240e-02,
         1.2086e-01, -4.2759e-02,  8.3201e-02,  2.6143e-02,  7.0932e-02,
         4.3797e-02, -4.7502e-02,  7.4433e-04,  1.6640e-01,  2.8605e-02,
        -4.3183e-02,  1.8486e-01,  1.4606e-02, -1.8423e-02,  8.2291e-02,
         8.1643e-02,  1.0059e-02,  1.1422e-01,  2.2038e-02,  1.0948e-01,
         6.3902e-02,  5.1763e-02,  9.7114e-02,  1.7229e-01,  2.3926e-02,
         1.0607e-01, -8.7742e-03,  6.3123e-03,  6.7539e-02,  4.4548e-02,
         1.9289e-02, -4.2343e-02,  6.4555e-02,  4.5807e-02,  8.6982e-03,
         9.9891e-02, -3.2906e-02,  6.7550e-02, -7.5219e-03,  8.0886e-02,
        -4.6007e-02,  8.7832e-02, -5.5046e-02,  3.3164e-02,  1.9064e-02,
         1.1759e-01, -8.2650e-03, -5.1984e-02, -1.3295e-02,  2.1448e-01,
         3.8653e-02, -2.6884e-02, -8.2921e-03,  1.2544e-01, -4.1859e-02],
       device='cuda:0', requires_grad=True), Parameter containing:
tensor([[ 0.0042, -0.0134, -0.0247,  ..., -0.0465,  0.0147, -0.0419],
        [-0.0445,  0.0140,  0.0076,  ..., -0.0247, -0.0138,  0.0004],
        [-0.0370, -0.0064, -0.0963,  ..., -0.0470,  0.0463, -0.0488],
        ...,
        [ 0.0258,  0.0135, -0.0209,  ...,  0.0264,  0.0166,  0.0068],
        [-0.0066,  0.0114, -0.0251,  ...,  0.0386,  0.0216, -0.0068],
        [-0.0168, -0.0100, -0.0398,  ..., -0.0439,  0.0272, -0.0065]],
       device='cuda:0', requires_grad=True), Parameter containing:
tensor([-0.0455,  0.0238,  0.0937,  ..., -0.0167,  0.0381, -0.0194],
       device='cuda:0', requires_grad=True), Parameter containing:
tensor([[-0.0198,  0.0014, -0.0452,  ..., -0.0032,  0.0512,  0.0232],
        [-0.0167, -0.0157, -0.0719,  ..., -0.0041,  0.0349,  0.0110],
        [-0.0217, -0.0076,  0.0552,  ...,  0.0081, -0.0339, -0.0138],
        ...,
        [ 0.0048, -0.0129, -0.0192,  ...,  0.0103, -0.0122,  0.0133],
        [-0.0013, -0.0053,  0.0122,  ...,  0.0029, -0.0923,  0.0060],
        [ 0.0183,  0.0078, -0.0241,  ...,  0.0160, -0.0082, -0.0026]],
       device='cuda:0', requires_grad=True), Parameter containing:
tensor([ 0.0210, -0.0223,  0.0548, -0.0305,  0.0257, -0.0391, -0.0140, -0.0006,
        -0.0083,  0.0004,  0.0228, -0.0037,  0.0025, -0.0294, -0.0403,  0.0077,
        -0.0168, -0.0249, -0.0412, -0.0086,  0.0083, -0.0166,  0.0150, -0.0315,
        -0.0085, -0.0052, -0.0178, -0.0008,  0.0182, -0.0100, -0.0518,  0.0274,
        -0.0190, -0.0568,  0.0353,  0.0055, -0.0331,  0.0497, -0.0403,  0.0254,
        -0.0048,  0.0082,  0.0279,  0.0267,  0.0368, -0.0147, -0.0180, -0.0064,
        -0.0268,  0.0228,  0.0036, -0.0175, -0.0690,  0.0196,  0.0506, -0.0094,
        -0.0256,  0.0113, -0.0005,  0.0213, -0.0045, -0.0245,  0.0562, -0.0178,
         0.0170,  0.0418,  0.0034, -0.0042,  0.0211,  0.0237], device='cuda:0',
       requires_grad=True), Parameter containing:
tensor([[-0.0143, -0.0201, -0.0113,  ..., -0.0094,  0.0073, -0.0004],
        [ 0.0087, -0.0127,  0.0014,  ...,  0.0175, -0.0231,  0.0115],
        [-0.0210,  0.0127,  0.0039,  ..., -0.0022,  0.0114, -0.0008],
        ...,
        [ 0.0189,  0.0160, -0.0166,  ..., -0.0200,  0.1334, -0.0200],
        [ 0.0092, -0.0167, -0.0292,  ...,  0.0142,  0.0696,  0.0133],
        [ 0.0011,  0.0100, -0.0248,  ..., -0.0109,  0.1556, -0.0016]],
       device='cuda:0', requires_grad=True), Parameter containing:
tensor([-0.1723, -0.0685, -0.1045, -0.0796, -0.1628, -0.1340, -0.0928, -0.0756,
        -0.0494, -0.0499, -0.0388, -0.0401, -0.0373, -0.0311, -0.0380, -0.0155,
        -0.0069, -0.0034, -0.0235, -0.0192, -0.0046, -0.0152, -0.0045, -0.0381,
        -0.0263, -0.0125, -0.0283, -0.0139, -0.0094, -0.0321, -0.0317, -0.0457,
        -0.0214, -0.0394, -0.0436, -0.0458, -0.0276, -0.0205, -0.0438, -0.0426,
        -0.0231, -0.0296, -0.0366,  0.0087, -0.0302, -0.0158, -0.0015, -0.0150,
        -0.0490, -0.1222, -0.0605, -0.0795, -0.0686, -0.1004, -0.0673, -0.0626,
        -0.1684, -0.0871, -0.1230, -0.1137, -0.1541, -0.0811, -0.1119, -0.0658,
        -0.0323, -0.0320, -0.0590, -0.0632, -0.0436, -0.0462], device='cuda:0',
       requires_grad=True), Parameter containing:
tensor([[ 0.1921, -0.2029, -0.1564,  ..., -0.2732, -0.1531,  0.0856],
        [-0.1973, -0.0608,  0.3392,  ..., -0.0465,  0.4071, -0.1340],
        [ 0.1839,  0.1413, -0.0551,  ..., -0.6368, -0.0758, -0.0535],
        ...,
        [-0.3934,  0.6966,  0.1389,  ...,  0.0770, -0.2219, -0.4199],
        [-0.3263,  0.4828, -0.1206,  ..., -0.0238, -0.2975,  0.2975],
        [-0.3103,  0.0194,  0.2509,  ..., -0.3195, -0.2349,  0.2986]],
       device='cuda:0', requires_grad=True), Parameter containing:
tensor([-0.5036, -0.2304, -0.3588,  ...,  0.1250,  0.1897, -0.0090],
       device='cuda:0', requires_grad=True), Parameter containing:
tensor([[-0.0383, -0.0100, -0.0498,  ...,  0.0778,  0.0150,  0.0250],
        [-0.0343,  0.0392, -0.1650,  ..., -0.0490, -0.0381, -0.0458],
        [ 0.0178,  0.0140,  0.0129,  ..., -0.0177,  0.0153,  0.0169],
        ...,
        [ 0.0200,  0.0150,  0.0114,  ...,  0.0026, -0.0076,  0.0106],
        [-0.0506, -0.0271, -0.0787,  ..., -0.0862, -0.0415, -0.0081],
        [ 0.0060, -0.0334,  0.0859,  ...,  0.1941, -0.0915,  0.0215]],
       device='cuda:0', requires_grad=True), Parameter containing:
tensor([ 0.0292,  0.0093, -0.0026,  0.0296, -0.0375,  0.0034,  0.0405,  0.0338,
         0.1389,  0.0203, -0.0108, -0.0206,  0.0074, -0.0111,  0.0390,  0.0248,
         0.0889,  0.0800, -0.0040,  0.0924, -0.0170,  0.1011, -0.0934, -0.0096,
        -0.0054,  0.0598, -0.0102,  0.0819,  0.0512,  0.1022,  0.0134,  0.0042,
         0.0145,  0.0149,  0.0357,  0.0809,  0.0157,  0.0596,  0.0647,  0.0844,
        -0.0232, -0.0024,  0.0614,  0.0396, -0.0126, -0.0625, -0.0168,  0.0470,
        -0.0007,  0.0985,  0.0112,  0.0664,  0.0496,  0.0503,  0.0527, -0.0017,
        -0.0233,  0.0177, -0.0224, -0.0117, -0.0135,  0.0680, -0.0454,  0.1247,
         0.0230,  0.0251,  0.0413, -0.0305, -0.0134,  0.0349,  0.0008,  0.0408,
         0.0752, -0.0105,  0.0335,  0.0751,  0.0167, -0.0259,  0.1008,  0.0097,
         0.0036, -0.0121,  0.0221, -0.0755, -0.0066,  0.0200,  0.0700,  0.0662,
         0.0699,  0.0256,  0.0354, -0.0135,  0.0533, -0.0093, -0.0831,  0.0730,
         0.1199, -0.0130,  0.0103,  0.0004,  0.0061, -0.0147,  0.1336, -0.1358,
        -0.0113,  0.0856,  0.0658,  0.0552,  0.0884, -0.0102,  0.0330,  0.0171,
         0.0827, -0.0184, -0.0033,  0.1023,  0.0885, -0.0118,  0.0528, -0.0186,
         0.1079,  0.0582,  0.1013,  0.0655, -0.0039,  0.0411, -0.0052,  0.0753,
         0.0050,  0.0104,  0.0259,  0.0715, -0.0095,  0.0826,  0.1437, -0.0172,
         0.0163,  0.0722, -0.0041, -0.0114, -0.0563,  0.0466,  0.0070, -0.0125,
         0.0394, -0.0058,  0.1092, -0.0109, -0.0357, -0.0224,  0.0966,  0.0314,
         0.0107,  0.0980,  0.0450,  0.0188, -0.0238, -0.0029, -0.0212,  0.0751,
         0.0012,  0.0399,  0.0246,  0.0315,  0.0492,  0.0189, -0.0081,  0.0363,
        -0.0088,  0.0766, -0.0006, -0.0502,  0.0114,  0.0468,  0.0691,  0.0113,
        -0.0087, -0.0310,  0.0472,  0.0185, -0.0125,  0.0114,  0.0192,  0.0887,
         0.0835,  0.0573,  0.0652,  0.0205,  0.0563,  0.0049,  0.0851,  0.0475,
         0.0912, -0.0420, -0.0237,  0.0234,  0.0083, -0.0014,  0.0417,  0.0301,
         0.0167, -0.0183,  0.0614,  0.0526,  0.0582,  0.0321,  0.0521, -0.0102,
         0.0047,  0.0034,  0.0880,  0.0029,  0.0661,  0.0696,  0.0617,  0.0204,
         0.0073,  0.0737,  0.0188,  0.0036,  0.0574,  0.0403,  0.0768, -0.0150,
        -0.0241,  0.0701,  0.0701,  0.0137,  0.0795, -0.0006,  0.0144,  0.0215,
         0.0046,  0.0100,  0.0014,  0.0851, -0.0085, -0.0354, -0.0099, -0.0145,
         0.0470, -0.0168, -0.0352,  0.0069, -0.0064, -0.0091, -0.0356,  0.0846,
        -0.0199,  0.0148,  0.0016,  0.0476,  0.0053, -0.0124,  0.0024,  0.0434,
        -0.0169,  0.0114,  0.0267,  0.0967, -0.0023,  0.0829, -0.0088, -0.0014,
         0.0706, -0.0186,  0.0569,  0.0462,  0.0119,  0.0587,  0.0075,  0.0272,
         0.0115,  0.0528,  0.0123, -0.0122,  0.0799,  0.0602,  0.0576,  0.1019,
        -0.0136,  0.0374,  0.0800,  0.0813,  0.0009,  0.0166,  0.0074, -0.0020,
         0.0492,  0.0740,  0.0408,  0.0723, -0.0230,  0.0766, -0.0345, -0.0013,
         0.0702,  0.0222,  0.0008,  0.0675,  0.1060,  0.0600,  0.0115,  0.1256,
         0.0750,  0.1300,  0.0379,  0.0065, -0.0005,  0.0011,  0.0351,  0.0266,
         0.0313,  0.0850, -0.0185,  0.0747,  0.0111,  0.0195,  0.0173,  0.0456,
         0.0732,  0.0106,  0.0116,  0.0130,  0.0425, -0.0481, -0.0010,  0.0394,
         0.0407, -0.0148,  0.0049,  0.1150,  0.0459,  0.0476,  0.0875, -0.0135,
         0.0712, -0.0129,  0.0364,  0.0197,  0.0168, -0.0408, -0.0215,  0.0305,
         0.0222, -0.0137, -0.0122, -0.0210,  0.0543,  0.0170,  0.0062,  0.0677,
        -0.0221, -0.0214,  0.0037,  0.0029,  0.0606,  0.0100, -0.1031,  0.0194,
         0.0580, -0.0966,  0.0851,  0.0467,  0.0086,  0.0748,  0.0169,  0.0685,
         0.0020,  0.0081,  0.0170,  0.0325,  0.0957,  0.0412, -0.0174, -0.0194,
         0.0040,  0.0245,  0.0953,  0.0727,  0.0670,  0.0005,  0.0074, -0.0085,
         0.0363,  0.0794, -0.1257,  0.0355, -0.0009,  0.0952, -0.0832, -0.0013,
         0.1101,  0.0723,  0.0012, -0.0178, -0.0110,  0.0002,  0.0919,  0.1253,
        -0.0298, -0.0207,  0.0049, -0.0043,  0.0612,  0.0026, -0.0192, -0.0113,
         0.0116,  0.0244,  0.0338, -0.0073,  0.0057,  0.0168,  0.0754,  0.0144,
         0.1099,  0.0349,  0.0343,  0.0049, -0.0264,  0.1057,  0.0913, -0.0135,
        -0.0147,  0.0196,  0.0443, -0.0494,  0.1207,  0.0406,  0.0211,  0.0019,
        -0.0135, -0.0154,  0.0480, -0.0084, -0.0161,  0.0478,  0.0762,  0.0055,
         0.0124,  0.0293,  0.0284, -0.0592, -0.0043, -0.0716,  0.0031,  0.0676,
        -0.0226,  0.0864, -0.0030,  0.1052, -0.0083,  0.0073, -0.0061,  0.1430,
         0.1093, -0.0023,  0.0343,  0.0762, -0.0004, -0.0110, -0.0454, -0.0119,
         0.1082,  0.0094,  0.0070,  0.0729,  0.0555,  0.0455,  0.0020,  0.0081,
         0.0313,  0.0956,  0.1074,  0.0164, -0.0091,  0.1265,  0.0656,  0.0178,
         0.0102,  0.0896,  0.0127,  0.0073, -0.0467,  0.0054,  0.0321, -0.0470,
         0.0516, -0.0060,  0.0743,  0.0926,  0.0011,  0.0010,  0.0552,  0.0296,
        -0.0160, -0.0232,  0.0964,  0.0403], device='cuda:0',
       requires_grad=True), Parameter containing:
tensor([[-0.0365,  0.0030, -0.0128,  ...,  0.0285, -0.0567, -0.0275],
        [ 0.0445, -0.0491,  0.0358,  ..., -0.0165, -0.0551, -0.1461],
        [ 0.0234, -0.0549, -0.0423,  ..., -0.0173,  0.0388, -0.0155],
        ...,
        [ 0.0325, -0.0377,  0.0195,  ...,  0.0272,  0.0121, -0.0380],
        [-0.0741,  0.0226, -0.0195,  ..., -0.0419, -0.0635,  0.0296],
        [ 0.0151, -0.0478,  0.0361,  ...,  0.0344,  0.0613, -0.0192]],
       device='cuda:0', requires_grad=True), Parameter containing:
tensor([ 8.4687e-03, -7.3171e-02,  3.4762e-02, -7.0416e-03,  6.0749e-02,
        -1.5101e-03, -2.1277e-02,  5.5984e-02,  4.4579e-02,  3.8834e-03,
         4.3265e-02,  4.8908e-02,  2.9040e-02,  1.7670e-02,  3.7557e-02,
         3.0184e-02,  1.9187e-02,  2.8854e-02,  1.6913e-02, -2.9803e-02,
         1.9600e-02, -1.8974e-02,  1.5465e-02,  4.4566e-03,  1.1348e-02,
        -1.1019e-02, -2.3455e-03, -2.7005e-02,  2.2035e-02,  2.3356e-02,
        -4.0310e-02, -3.3921e-03,  1.7023e-02,  4.1165e-02,  3.5856e-02,
         2.0242e-02, -5.0630e-02,  1.5823e-02,  1.5147e-02, -5.1158e-02,
        -3.3255e-02,  1.4541e-02,  3.7672e-02, -6.4264e-03,  3.1551e-02,
         6.0546e-02,  3.1705e-02,  4.6298e-02, -1.0055e-02,  2.2410e-02,
         1.2114e-02,  4.6318e-02, -9.3474e-03, -1.7539e-04, -2.7553e-02,
         4.2132e-02,  3.4547e-02, -1.1661e-02,  7.0840e-04, -2.2132e-02,
         2.3755e-02,  2.4258e-02,  2.1285e-02,  1.5427e-02,  1.0973e-02,
        -3.3235e-03,  5.7938e-02, -1.0324e-02,  5.7085e-02,  2.2488e-02,
        -5.4000e-02,  4.2317e-02,  3.3996e-03, -8.5698e-03, -3.4206e-02,
         1.0690e-02,  6.3024e-02,  4.1384e-02, -2.4787e-02,  2.0200e-02,
        -3.8334e-03,  6.0509e-02, -2.6474e-02, -3.9828e-02, -4.6960e-03,
        -7.3163e-03, -1.7476e-02,  4.6142e-02, -3.6997e-02,  2.2815e-02,
        -2.9012e-02,  2.0799e-02, -4.2480e-02, -1.0265e-02, -1.1026e-03,
         2.2409e-02, -8.3726e-02,  4.6199e-02,  3.7436e-03, -3.0830e-02,
         8.6021e-03, -6.3117e-02,  3.7193e-03, -4.3238e-02,  1.9705e-02,
         2.5292e-02, -1.2335e-02,  1.2193e-02,  4.6283e-02,  4.4170e-03,
        -1.3959e-02,  7.5731e-04,  4.2760e-02,  8.0832e-03, -1.4571e-02,
         1.7710e-02, -1.9499e-02, -5.6147e-02,  1.2710e-02,  2.2103e-03,
         3.6720e-02,  5.3894e-02,  2.2803e-03,  4.5715e-02,  1.5071e-03,
        -5.2418e-03,  3.6772e-02,  2.7099e-02, -1.2455e-03,  1.3640e-02,
        -4.5218e-03, -2.2509e-03, -2.1117e-02, -1.2783e-02,  2.0195e-02,
         4.1603e-02,  7.1910e-02, -2.1793e-02,  4.1495e-02, -5.1258e-02,
        -2.2024e-02, -1.9975e-02, -4.2372e-03,  2.0649e-02, -1.9865e-02,
        -4.1519e-02,  5.6507e-02,  4.5946e-02,  1.6695e-02, -2.3982e-02,
         8.8941e-05,  2.4292e-02, -2.0287e-02,  2.4608e-04,  3.1737e-02,
        -3.6326e-02,  3.7909e-02,  5.4733e-02,  6.2211e-05,  7.8220e-02,
         7.7186e-02, -3.3556e-03,  2.8709e-03, -3.2786e-02, -1.1614e-02,
        -1.9400e-02, -2.8333e-02, -2.2438e-02, -2.0685e-02,  1.1968e-02,
        -1.7108e-02,  7.4523e-03, -2.9174e-03,  5.0574e-02, -2.3584e-02,
         2.3756e-03, -2.1945e-02, -4.3750e-02,  2.9002e-02,  5.7923e-03,
        -1.7312e-02,  5.7827e-02,  3.7414e-02,  1.2360e-02,  6.5849e-02,
         4.2038e-03,  1.3364e-02, -1.6153e-02, -8.9937e-03, -2.6076e-02,
         9.8478e-03,  3.8404e-03,  4.8571e-03, -2.1743e-02, -3.7006e-02,
         2.2239e-02,  2.4412e-02, -3.9897e-02,  5.4419e-02, -7.6524e-03,
         2.0399e-02, -1.9467e-02,  4.7365e-02,  1.1063e-02,  2.2582e-02,
         2.6815e-02,  4.1959e-02, -6.7752e-03, -4.1100e-04, -6.6685e-02,
        -3.7207e-02,  2.9727e-02, -6.1070e-02,  4.0295e-02,  3.5494e-02,
        -3.7548e-02, -3.6284e-02,  5.0139e-02,  1.8632e-02,  2.6031e-03,
         3.9296e-02,  8.7750e-03,  2.9233e-02,  3.8960e-02,  1.2487e-02,
         2.1787e-02,  4.0700e-02,  4.3339e-02,  7.6317e-03,  1.3891e-03,
        -1.4999e-02,  4.6777e-02,  9.0258e-03, -2.8019e-02, -3.6954e-02,
         3.4360e-02,  3.6101e-02,  4.2335e-02,  2.5649e-02,  2.4301e-02,
         3.8442e-04, -1.8136e-02, -1.5526e-02, -1.5829e-02, -4.1169e-02,
         4.8835e-02, -4.2735e-03,  8.3621e-02, -2.3511e-02, -7.6551e-03,
         5.5024e-02, -3.0084e-02,  3.6735e-02,  3.8609e-02,  2.6595e-02,
         2.4615e-02,  6.0064e-02, -2.4198e-02,  6.4857e-03, -6.5870e-03,
        -3.2254e-03, -8.7913e-03,  2.8871e-04, -4.0902e-02, -4.1186e-02,
         1.8751e-02,  2.5781e-02,  3.1359e-02,  3.8745e-02,  1.5395e-02,
         3.6905e-02,  5.1956e-02, -1.6276e-02,  5.2358e-03, -4.9032e-02,
         1.7580e-02,  3.1051e-02,  2.7279e-02,  1.3413e-02,  4.3967e-04,
        -2.5538e-02, -1.9884e-02,  9.6288e-03,  4.7937e-02,  1.4293e-02,
        -1.0262e-02, -3.5913e-02,  2.1838e-02, -1.4507e-02, -4.5580e-02,
        -1.6704e-02, -1.0594e-02, -2.3733e-02,  1.0358e-02,  2.4738e-02,
         2.6085e-02,  5.1529e-04,  5.2945e-02,  1.9007e-02,  2.4083e-03,
        -2.1396e-02,  1.3269e-02,  3.5983e-02, -2.7656e-02,  3.0326e-02,
         5.3072e-03, -1.0612e-03, -1.2357e-02, -2.8118e-02,  3.6348e-02,
         1.1992e-02, -3.8790e-02,  4.3081e-02, -1.6147e-03,  6.7693e-02,
         3.0411e-02, -1.8728e-02,  5.7042e-03,  6.8126e-02,  4.2375e-02,
        -2.2669e-02,  2.1021e-04, -1.3542e-02,  5.1588e-02, -8.6853e-03,
        -1.0653e-02,  5.0997e-02, -4.7034e-02, -2.5379e-03, -2.5463e-02,
        -4.7152e-02,  1.0125e-02,  4.2850e-02, -3.1880e-02, -2.5438e-02,
        -2.0843e-02,  3.3029e-02, -6.8552e-03,  1.0038e-02,  4.1904e-03,
        -3.2162e-02,  6.7763e-02, -1.6710e-02,  3.8289e-02, -1.1101e-02,
        -2.0702e-02,  2.5347e-02, -4.2773e-02, -2.9151e-02,  2.5804e-02,
         8.9592e-03,  6.6718e-02, -9.4532e-03,  1.3382e-02,  3.9330e-02,
        -2.9069e-03, -1.8280e-02,  2.3935e-03,  6.7750e-03, -7.0759e-02,
         3.4520e-02, -1.6192e-02, -4.2220e-04, -1.0764e-02, -2.1399e-02,
        -4.1614e-02,  6.6355e-03,  4.7679e-02,  1.3269e-02,  3.9502e-02,
        -4.7592e-03,  2.6129e-02, -3.1884e-02, -1.5030e-03, -1.6082e-02,
        -1.1656e-02, -9.9610e-03,  5.1216e-02, -5.5365e-02,  2.4880e-02,
         4.5933e-02,  1.1771e-02,  3.6963e-02, -7.2316e-03,  2.2954e-02,
        -1.9450e-02,  3.4779e-02,  3.6330e-02,  1.1782e-03,  2.3531e-02,
        -4.4335e-04,  2.7717e-02,  6.0821e-02, -1.7540e-02, -4.1717e-02,
        -4.8360e-02,  1.8772e-02,  1.0141e-02, -4.0915e-05,  6.5057e-03,
        -4.3968e-02, -1.7264e-02,  1.3464e-02,  1.1876e-02, -1.6691e-03,
         2.1479e-02,  1.5661e-02, -1.9872e-02,  3.1101e-02, -4.3888e-02,
        -5.0878e-05, -1.3893e-02, -1.4329e-02, -4.1116e-02, -2.2017e-02,
         2.2622e-02,  1.5471e-02,  8.8944e-03, -1.2842e-02,  5.0014e-03,
         5.8408e-02,  4.7185e-03,  1.5558e-02,  8.0017e-02,  2.2199e-02,
         3.9202e-02,  4.8090e-02, -1.6460e-02, -3.7647e-02, -1.9954e-02,
        -4.4866e-02,  4.3447e-02, -3.4751e-02,  5.3915e-02, -2.5801e-02,
         3.8546e-03, -3.2113e-02, -3.0977e-02, -9.0982e-04, -9.4290e-03,
        -1.1261e-02,  1.7286e-02,  3.6433e-02,  2.4733e-02, -5.6506e-02,
         1.3983e-02,  1.2586e-03, -2.4875e-02,  3.1103e-02, -2.7502e-02,
        -4.2753e-03, -2.4917e-02,  3.1262e-02,  5.5782e-02,  4.2919e-05,
         2.9381e-03,  1.4532e-02, -3.7157e-02, -9.4749e-04,  2.7989e-02,
         2.0408e-02,  4.5532e-02,  1.0112e-02, -3.8641e-02, -3.5447e-04,
         5.1083e-02,  3.8863e-02,  3.9072e-03, -1.3342e-02,  3.6219e-04,
         1.5161e-02, -4.3531e-03, -3.6502e-02,  3.9552e-03,  4.5114e-02,
        -1.5855e-02, -2.5275e-02,  8.5167e-03, -1.5682e-02, -1.4725e-02,
        -1.1820e-02, -5.6514e-03, -2.3999e-02, -8.3318e-03, -6.1090e-02,
        -1.6356e-02,  2.4909e-02, -3.3490e-02,  3.7994e-02, -3.0589e-02,
         1.4982e-02, -1.8170e-03,  5.6267e-02,  2.8524e-02,  3.0194e-02,
         8.2796e-02,  1.9770e-02, -3.3391e-02, -6.2602e-02, -3.8987e-02],
       device='cuda:0', requires_grad=True), Parameter containing:
tensor([[-0.0020, -0.0599,  0.0150,  ..., -0.0060, -0.0041, -0.0020],
        [-0.0403, -0.0303, -0.0093,  ..., -0.0296, -0.0431, -0.0052],
        [-0.0254, -0.0532, -0.0570,  ..., -0.0388,  0.0433, -0.0263],
        ...,
        [-0.0462, -0.0490,  0.0022,  ..., -0.0027, -0.0211,  0.0094],
        [ 0.0101, -0.0658, -0.0155,  ..., -0.0078, -0.0324, -0.0120],
        [-0.0143, -0.0250, -0.0079,  ...,  0.0073, -0.0194, -0.0254]],
       device='cuda:0', requires_grad=True), Parameter containing:
tensor([-3.9499e-02, -1.2881e-02, -2.1965e-02,  2.9310e-02,  5.3518e-03,
         2.2227e-02,  1.1141e-02,  3.5977e-02,  1.7182e-02, -3.8747e-02,
        -4.2334e-02, -2.6584e-02, -3.0218e-02, -3.6094e-02, -1.3158e-02,
        -1.4709e-02, -1.3574e-02, -1.0107e-02, -3.1670e-02,  2.5519e-02,
        -3.9904e-02,  1.3063e-02, -3.2184e-02, -2.3106e-02,  2.1080e-02,
         2.0768e-02, -1.6192e-02, -2.3987e-02, -4.4905e-02, -4.3164e-02,
        -4.1721e-02, -2.5778e-02, -4.4762e-02, -3.2665e-02,  3.6545e-03,
        -3.6760e-02,  3.1426e-02, -9.3790e-03, -2.5398e-02, -5.0621e-02,
        -2.1691e-02, -5.3457e-02, -2.9234e-02,  2.7255e-02, -5.0879e-02,
         1.6106e-02, -1.5702e-02,  2.1227e-02, -1.8570e-03,  2.1824e-02,
        -7.5830e-03, -3.2732e-02, -4.5398e-02, -1.3983e-02, -1.2925e-02,
        -1.0669e-02, -4.6678e-03, -3.0933e-04,  1.9144e-03, -2.3291e-02,
        -6.6088e-03, -3.2159e-02,  4.7859e-02,  1.9312e-02, -3.2850e-02,
        -3.4209e-02, -3.1249e-03, -6.5454e-03,  3.0633e-02,  2.0984e-02,
        -3.5157e-02,  5.5507e-03,  8.0786e-03,  6.8014e-03, -2.3816e-02,
        -1.9097e-02, -5.5118e-02,  3.6496e-02, -4.6530e-03,  2.8953e-02,
         5.0825e-02,  5.4536e-02,  2.4625e-02,  1.6749e-03,  2.1990e-02,
        -1.9485e-02,  2.2106e-02, -2.1771e-02, -8.2764e-03,  3.8529e-02,
        -1.6248e-02,  1.8267e-02, -7.3225e-03, -3.2775e-02, -5.5386e-03,
         4.5123e-02, -4.1441e-03, -3.0311e-03,  1.4713e-02, -2.7984e-02,
        -1.4130e-02,  2.9844e-02,  1.4161e-02,  3.7738e-02, -1.5734e-02,
         2.0891e-02, -3.6773e-02,  1.6752e-02, -1.1361e-02,  4.2503e-02,
         2.2055e-02, -1.3247e-02,  2.1620e-02,  7.3172e-03, -1.3365e-02,
         4.2364e-02, -1.4984e-02,  1.7523e-02,  2.0651e-02, -8.9471e-03,
        -3.2325e-02,  3.4816e-04, -3.3211e-02, -1.7960e-02,  4.0899e-02,
        -1.1536e-02,  1.4334e-02,  8.4014e-03,  4.2083e-03,  1.3103e-02,
         1.6832e-02, -2.4412e-02, -5.1189e-02,  1.7750e-02, -3.0645e-02,
        -1.0280e-02, -2.2124e-02,  4.9945e-02,  3.4025e-02, -2.8620e-02,
        -1.8039e-02, -4.1002e-02, -2.4044e-02,  3.0521e-02, -3.3377e-02,
        -1.0291e-02, -6.0705e-02, -4.0696e-02,  1.0806e-02,  3.2237e-02,
        -3.2784e-03,  8.3900e-03,  1.7470e-02,  3.8061e-02,  4.1560e-03,
         2.4166e-03,  1.3360e-02,  2.4208e-02,  1.6674e-02,  2.5609e-02,
        -3.9854e-02, -4.1209e-03, -2.2341e-02, -3.6829e-02, -5.2839e-03,
         2.4363e-02,  5.0533e-02,  5.1463e-02,  1.6275e-02,  2.1169e-02,
         4.2829e-02,  4.9073e-03, -3.5144e-02, -1.7123e-02,  2.2970e-02,
         1.0148e-02,  4.2913e-02, -2.2812e-02,  2.0010e-02,  2.3537e-02,
         2.4292e-03,  9.3039e-03, -2.7866e-02,  7.7882e-04,  2.8566e-02,
        -1.4631e-02,  1.2253e-02, -5.6231e-03, -5.3940e-02, -2.6744e-02,
        -1.0735e-03,  2.1054e-03, -7.0757e-03,  2.7433e-02,  7.4157e-03,
         2.8120e-02,  1.2528e-02,  5.9373e-02, -3.4857e-02, -6.2472e-02,
        -4.3530e-02,  8.6174e-03, -5.2046e-02, -2.3320e-03,  2.8951e-02,
        -2.0588e-02,  1.6262e-02, -3.0670e-02,  2.0447e-02,  2.8134e-03,
        -8.3060e-03, -5.5837e-03, -2.3730e-02, -2.7504e-02,  1.8431e-02,
        -3.5883e-02,  1.8570e-02, -2.7733e-02, -3.5667e-02, -1.2102e-02,
        -8.0235e-03, -2.2155e-02, -2.0455e-02,  2.2709e-02, -4.8795e-03,
         2.3772e-02, -5.1389e-02, -5.2189e-02, -7.5790e-03, -6.7339e-02,
        -2.1963e-03,  3.7229e-02,  1.5305e-02,  3.7813e-02,  4.1695e-03,
         2.1286e-03,  8.7222e-03, -3.4948e-02, -5.0887e-02, -4.9216e-02,
         7.4887e-03, -1.5426e-02, -7.3694e-03,  2.9739e-02,  1.9611e-02,
         3.7736e-02,  1.7423e-03,  4.3121e-03,  1.0869e-02,  2.6978e-02,
        -4.3835e-03, -1.2237e-02, -1.5575e-02, -6.2167e-03,  3.3903e-03,
        -1.1957e-02,  1.0366e-02, -4.6654e-02,  2.2409e-02,  1.8941e-04,
        -4.8227e-02,  6.4772e-03, -2.2772e-02,  1.0845e-02,  2.3005e-02,
        -4.4308e-02, -2.3942e-02,  2.1592e-02,  4.2583e-02, -3.7946e-02,
        -4.3425e-02, -1.5676e-02,  2.5449e-02, -1.2647e-02, -6.9180e-03,
        -8.5417e-03,  4.2299e-03, -4.0715e-02, -3.9884e-02,  1.0980e-02,
         5.6505e-02, -5.4092e-02, -9.2345e-03, -3.7544e-02, -2.2106e-02,
         5.1816e-03,  1.3682e-02,  2.3327e-02, -5.7208e-02, -1.6886e-02,
        -4.2815e-02, -2.6690e-02,  1.2657e-02, -5.6892e-02, -4.9806e-02,
        -4.8361e-02, -3.8856e-02, -3.2741e-02,  1.1120e-03,  2.4247e-02,
         1.5969e-02,  2.4144e-02, -4.0946e-02, -2.6325e-02, -1.4252e-04,
         1.1397e-02,  5.2103e-03,  2.5956e-02,  5.8200e-02, -5.1607e-02,
        -2.5675e-02, -1.7780e-02,  9.3827e-03, -2.4401e-02, -2.4144e-02,
         1.8973e-02, -5.0162e-02, -2.6355e-02, -5.0575e-02, -4.2939e-02,
         4.7677e-03, -8.6113e-03, -8.4709e-02, -3.4150e-02, -3.7484e-02,
         4.0925e-03,  2.3063e-02,  2.9314e-02,  2.4242e-02, -2.7669e-02,
        -4.3886e-03,  2.5748e-02,  1.0840e-02,  5.3366e-02,  1.9495e-02,
         6.2506e-02, -1.4756e-02, -3.1724e-02,  1.9361e-03,  4.9686e-02,
         6.2175e-02, -1.0049e-02, -9.9538e-03, -2.6674e-03,  6.3546e-03,
        -9.3487e-03, -2.7818e-02, -3.7699e-02, -5.4142e-02, -2.0850e-02,
        -4.9646e-02, -7.9269e-03, -2.8555e-02, -5.2055e-02, -2.6741e-02,
        -7.7088e-03, -2.0488e-02, -3.2236e-02, -4.5018e-02, -2.6367e-02,
         1.7381e-02,  1.2909e-02,  3.9045e-02, -1.0577e-02, -1.4462e-02,
        -2.6441e-02, -2.4963e-02, -1.1612e-02, -5.3698e-05,  2.1475e-02,
        -1.8053e-04, -3.7110e-02, -3.3407e-02, -4.2186e-02, -1.3989e-03,
        -1.5049e-02, -5.2500e-02, -5.2839e-02, -6.2519e-02, -2.3575e-02,
        -7.1143e-02, -9.2351e-03, -2.3332e-02,  3.9710e-02,  6.0502e-03,
         2.8025e-02, -9.6220e-03, -5.0953e-03,  2.0259e-02,  7.7521e-02,
         5.8741e-03,  5.0707e-02,  5.0926e-02,  4.8189e-02,  9.9936e-03,
         3.4499e-02,  1.4998e-02,  2.1921e-02,  1.7850e-02,  9.7805e-03,
         4.2347e-02,  4.2064e-02, -4.6848e-02,  3.1192e-02, -1.7739e-02,
        -1.8852e-02,  2.8987e-02, -3.1857e-02, -5.9316e-02,  1.3318e-02,
         4.2893e-02,  1.0227e-02, -1.1760e-02, -2.3831e-02,  2.9212e-02,
        -3.9516e-02, -8.0738e-03,  2.1242e-02,  4.5690e-02, -3.2109e-02,
        -8.5911e-03,  1.6294e-02,  6.2051e-02,  5.9879e-02,  5.3335e-02,
        -2.3727e-02,  2.0063e-02, -3.0939e-02, -3.3634e-02, -1.8731e-02,
         2.3401e-02, -2.1905e-02, -5.9739e-02,  1.9074e-02, -7.2890e-03,
        -4.6276e-03, -3.6737e-02,  2.3854e-03, -2.5644e-02,  9.6129e-03,
        -3.6140e-03,  3.9947e-02,  5.0720e-02,  3.8541e-02, -3.2688e-02,
        -9.9708e-03, -2.2411e-03, -1.7347e-02,  1.5474e-02,  1.4927e-02,
        -8.3293e-03,  5.1601e-02,  5.4552e-02,  1.0068e-02,  1.5406e-02,
         2.5609e-02,  2.8700e-02,  5.5913e-03,  1.4880e-02, -3.2646e-03,
         2.2634e-02, -4.0932e-03, -1.4411e-02,  4.2941e-03, -1.3095e-02,
        -8.4881e-03, -4.2571e-02, -2.2640e-02, -3.9652e-02,  3.5904e-03,
        -1.3497e-02, -4.6938e-02, -3.3536e-02, -2.9459e-03, -1.8171e-03,
        -1.6361e-02, -2.7772e-02,  6.5663e-03,  1.5858e-02,  3.8454e-02,
        -3.4721e-02, -4.8208e-02, -3.2146e-03,  4.6700e-02, -1.3226e-02,
        -5.0394e-02,  6.4184e-03, -2.8701e-02, -3.0371e-02,  4.1220e-02,
         1.9645e-02,  2.0952e-02,  2.9260e-02, -1.8404e-02,  2.3184e-02,
         3.8088e-03, -5.1708e-03,  2.1988e-02, -3.4993e-02, -3.5159e-02,
        -4.8012e-03,  3.9116e-02,  3.0094e-03, -9.0908e-03,  2.3295e-05,
         2.9133e-02,  1.3888e-02,  4.6302e-02, -3.4423e-02, -1.6957e-02,
        -6.7560e-03,  2.6737e-02, -7.2717e-03, -9.5740e-03, -1.1523e-02,
        -2.7065e-02,  4.7527e-02,  2.6115e-02,  2.1662e-02,  4.9126e-02,
         4.3063e-02, -3.3216e-03,  2.3971e-02,  1.9790e-02, -1.5269e-02,
        -3.1669e-03,  2.4444e-02, -3.5947e-02, -2.0162e-02, -1.8016e-02,
         1.8875e-02, -2.0981e-02, -1.1185e-02, -2.1000e-02, -3.9648e-02,
         2.9289e-02,  7.4999e-03,  1.8320e-02, -1.1301e-02,  2.8291e-02,
        -2.7332e-02, -1.1314e-02,  3.5836e-03,  4.8603e-02,  2.2498e-02,
        -8.0946e-03, -4.2991e-02, -1.4466e-02, -1.9726e-02, -6.3181e-03,
        -5.0231e-02,  1.8282e-02, -7.2517e-03, -8.4576e-03, -2.8834e-02,
         1.0187e-02, -3.0299e-02,  2.5515e-02,  4.6418e-02, -1.5504e-04,
         8.9324e-03,  4.1980e-02, -3.7165e-02,  1.6961e-02,  1.2253e-02,
        -8.9905e-03,  3.2619e-02,  3.3201e-02,  5.9823e-02, -2.5671e-02,
        -2.5366e-02, -4.9245e-02,  2.6047e-02, -6.7062e-02, -2.4145e-02,
         7.1220e-03,  7.2587e-03, -4.3185e-02, -2.9991e-02, -4.4588e-03,
         1.8008e-02, -1.3233e-02, -1.3301e-02,  2.8910e-02,  2.2829e-02,
         1.7651e-02,  3.7821e-02, -1.7500e-02,  3.3753e-02, -1.7175e-02,
        -3.7667e-02, -1.3211e-02, -4.2837e-02, -4.3983e-02,  2.6476e-02,
         1.6787e-02,  1.8980e-02,  2.2560e-02,  1.3450e-02, -6.4975e-03,
         5.7560e-03, -4.0426e-02,  1.1160e-02, -2.8589e-03, -1.4291e-02,
        -2.5964e-02, -9.1765e-04, -2.2440e-02,  3.2458e-03,  2.0062e-02,
         4.3233e-03, -1.4821e-02,  3.4772e-02,  2.9829e-02,  2.4656e-02,
         2.3879e-02,  3.0602e-02, -1.4498e-02, -4.1821e-02, -2.6347e-02,
        -2.0782e-02,  3.7082e-03, -5.0540e-02, -4.6239e-02, -3.4599e-02,
        -5.2226e-02, -2.6874e-02,  4.8877e-03, -1.7093e-02, -3.9739e-03,
        -3.0986e-02,  1.7218e-02,  2.2341e-02,  1.0400e-02,  6.9617e-03,
         2.7687e-02, -1.6324e-02, -3.1534e-02,  1.0850e-02, -3.3758e-02,
        -3.4825e-02,  4.4129e-02,  7.9350e-03,  3.0210e-02, -4.2069e-03,
        -4.1588e-02,  3.3130e-02, -8.2144e-03, -2.3736e-02, -3.5473e-02,
        -6.2092e-02, -5.0202e-02, -5.5343e-02,  1.2106e-03, -2.8723e-02,
        -5.7319e-03,  5.4541e-02,  4.1385e-02, -1.6175e-03, -2.6470e-02,
         1.8124e-02, -1.7109e-02,  1.9175e-02, -2.3291e-02,  1.1987e-02,
        -1.3587e-02, -5.8890e-02,  3.5711e-02,  5.2348e-03,  3.2124e-02,
         4.2085e-02, -3.8512e-02,  2.4264e-02, -1.4194e-02,  3.9245e-02,
        -4.3700e-02, -4.6385e-02, -6.2406e-02, -4.6709e-02, -4.0484e-02,
        -6.6190e-02, -5.9905e-02,  1.1643e-02, -5.7162e-02,  1.8265e-02,
         2.2010e-03, -2.4434e-03,  1.7289e-02, -4.8752e-02, -4.1788e-02,
        -5.3999e-02,  1.5360e-02, -9.5985e-04,  2.4884e-02, -1.3789e-02,
        -9.1170e-03,  2.1686e-02,  1.1616e-02,  4.6925e-02, -5.7625e-04,
        -2.8178e-02, -1.3881e-02,  1.3845e-02, -5.4242e-02,  3.1926e-03,
         8.7676e-03,  2.3905e-03, -8.4429e-03, -6.9713e-02,  4.4842e-03,
        -4.3570e-02,  2.9139e-02,  3.6794e-03,  4.0051e-02,  2.7792e-02,
        -2.0367e-02,  1.5643e-02,  2.5348e-02,  3.5218e-02,  1.9923e-02,
        -4.9372e-02, -5.1418e-03,  1.3644e-03,  4.0041e-02,  5.0428e-02,
         4.0762e-02,  4.7734e-02,  2.3607e-02,  2.4314e-02, -2.7344e-02,
        -9.1787e-03, -1.0351e-02, -4.6557e-02,  8.4218e-03, -4.6505e-02,
         7.7800e-03, -8.1029e-03,  4.0632e-02,  3.4422e-03,  2.8198e-03,
         5.8246e-02,  5.1297e-02, -1.2996e-02, -2.5647e-02,  2.7819e-02,
        -1.6156e-02,  1.0183e-02,  6.5865e-03,  4.1599e-02,  4.0932e-02,
         6.2928e-02,  2.5097e-02,  2.4502e-02,  6.4328e-03,  1.2676e-02,
        -1.5963e-02, -3.6045e-02, -3.1187e-02,  1.2461e-02, -3.4943e-02,
        -2.7527e-02, -4.2567e-02, -3.0681e-02,  1.6240e-02,  4.3953e-02,
        -3.3078e-02, -1.7421e-03, -7.0284e-03, -3.0861e-02, -2.3162e-02,
         3.2783e-02,  1.0130e-02,  3.3372e-02, -3.9035e-02,  1.9654e-02,
         2.2688e-02,  5.1282e-02, -1.3343e-02, -8.7946e-03, -3.4590e-02,
        -1.0472e-03, -2.8875e-03,  2.7671e-02, -2.7404e-02], device='cuda:0',
       requires_grad=True), Parameter containing:
tensor([[ 0.4735, -1.8785,  5.2343,  1.4826,  1.3376, -0.5279, -1.3994],
        [ 0.8421,  0.4681,  0.2823,  1.3501, -4.8929,  0.4032, -1.6167],
        [-0.1804,  0.9448, -0.8005,  0.0684, -0.2399,  0.9888, -0.0219],
        [-0.8995,  0.1631, -0.9464,  0.0201, -0.3828, -1.1590,  0.9153],
        [-0.3697, -0.3576,  1.2478,  0.4479, -0.0436, -0.6293,  0.7355],
        [-0.7341,  0.1465,  1.2124,  0.0987,  0.1595, -1.2216, -0.3094],
        [ 0.3326,  0.3738, -1.0922, -0.6334, -0.4353,  0.8004, -0.7461],
        [ 1.6117, -1.3625, -2.2922, -2.2069,  0.8411,  1.7679, -1.9236],
        [-1.1781,  0.9318, -2.5248,  3.0471, -1.0189,  0.3182,  2.2924],
        [-2.1284,  0.4565,  1.0198,  0.0098, -4.4972, -1.0731, -0.3477]],
       device='cuda:0', requires_grad=True), Parameter containing:
tensor([[ 0.3763,  1.7612,  0.4457,  0.6010,  0.5778, -0.4391, -0.5016],
        [ 0.4285, -1.0487, -0.4187, -0.7203, -0.9183, -1.0133, -2.4714],
        [-0.5541, -0.1133, -0.8344, -0.3518,  1.2564,  0.7376,  1.5985],
        [ 1.4806,  0.2898, -1.7926, -0.4782,  0.0106, -1.0949,  1.0063],
        [ 0.1481, -0.7596, -0.8843, -0.8660,  2.5792, -1.1360, -0.4592],
        [ 0.4092,  0.3158, -1.1691, -0.3127,  0.5107,  0.7928,  0.5565],
        [-0.7264,  0.4615, -0.7698,  0.5375,  0.4394, -0.0173, -0.8835],
        [-0.4797, -0.1270, -0.4772, -0.8305,  0.9598,  0.5037,  1.4242],
        [ 1.1198,  1.1076,  0.3175,  1.2417,  0.2712,  1.5160,  2.1107],
        [ 0.5857, -0.7126, -0.2693, -0.6566, -1.9210, -0.2477, -1.4427]],
       device='cuda:0', requires_grad=True), Parameter containing:
tensor([  1.7174,   0.0310, -11.2448, -11.1145, -11.2636, -11.2186, -11.1404,
          1.3001,   2.0042,  -0.0149], device='cuda:0', requires_grad=True)]
