
Parameter List:
[Parameter containing:
tensor([[ 0.0298, -0.0063,  0.0038,  ..., -0.0208, -0.0106, -0.0163],
        [ 0.0315,  0.0217, -0.0310,  ...,  0.0320,  0.0056,  0.0213],
        [-0.0252,  0.0343, -0.0328,  ..., -0.0085, -0.0050, -0.0118],
        ...,
        [ 0.0249,  0.0100, -0.0179,  ...,  0.0289,  0.0015, -0.0130],
        [-0.0315, -0.0319,  0.0290,  ...,  0.0216,  0.0009,  0.0049],
        [-0.0006, -0.0105,  0.0152,  ...,  0.0136, -0.0083,  0.0165]],
       device='cuda:1', requires_grad=True), Parameter containing:
tensor([-0.0892,  0.1054,  0.0210, -0.0351,  0.0491,  0.0811,  0.0322,  0.0526,
         0.1025, -0.0061,  0.0654,  0.0290,  0.1004,  0.0451,  0.0449, -0.0172,
         0.0047,  0.0400,  0.0286, -0.0259,  0.0829, -0.0066,  0.0179, -0.0048,
         0.0039,  0.0083, -0.0220,  0.0394, -0.0187,  0.0858,  0.0276,  0.0806,
         0.0019,  0.0228,  0.0867,  0.0016,  0.0777,  0.0679, -0.1229, -0.0167,
         0.1463,  0.1215,  0.0987,  0.0981,  0.0694,  0.1228,  0.1147,  0.0406,
         0.0759, -0.0333,  0.1112,  0.0625, -0.0287,  0.0515,  0.1071, -0.0439,
         0.0820,  0.0659,  0.2067,  0.0290,  0.0668,  0.0240,  0.0289,  0.0679,
        -0.1386, -0.0233,  0.0384,  0.0472, -0.0855,  0.2448,  0.0535,  0.1121,
         0.0257,  0.0635, -0.0390,  0.0825,  0.0117, -0.0030, -0.0040, -0.0469,
        -0.0103, -0.0025, -0.1168,  0.1633,  0.1225,  0.0302,  0.0636, -0.0295,
         0.1497,  0.1733, -0.2019, -0.0009,  0.0401,  0.0886,  0.0191,  0.0905,
        -0.0016, -0.0895, -0.0362,  0.0060, -0.1199,  0.0689,  0.0586,  0.0986,
        -0.0241,  0.0808, -0.0521,  0.0680,  0.0547,  0.0151,  0.2422,  0.2250,
        -0.0128,  0.0138,  0.0831,  0.0194,  0.0348,  0.0177,  0.0316,  0.1370,
         0.0486, -0.0716,  0.0532,  0.0524,  0.1128,  0.0751,  0.0405, -0.0022,
        -0.1210,  0.0759,  0.0304,  0.0267,  0.0671, -0.0876,  0.0830, -0.0140,
         0.2138,  0.1336,  0.0009,  0.0592,  0.0286,  0.0647,  0.0232,  0.0375,
        -0.0709,  0.0299, -0.0216,  0.1234,  0.1789,  0.0917, -0.1318, -0.0496,
         0.1102,  0.0077, -0.0460,  0.1021,  0.0720,  0.1229,  0.1382, -0.2221,
         0.0036,  0.1018,  0.2260, -0.1119,  0.0276, -0.1505, -0.1030,  0.0232,
         0.0568, -0.1818,  0.0236,  0.0256,  0.1401,  0.1007,  0.2254,  0.0337,
         0.0292,  0.1278, -0.0453,  0.0051, -0.0282,  0.1121, -0.0748,  0.0821,
        -0.0158,  0.0417,  0.0332, -0.0441,  0.1384,  0.1225,  0.0361,  0.0098,
         0.0406, -0.0137,  0.0465, -0.0364,  0.2521,  0.1016,  0.1178,  0.0396,
        -0.0123, -0.0350, -0.1730,  0.0437,  0.0506,  0.1153,  0.1209,  0.0358,
         0.1043,  0.0836, -0.0106, -0.0192,  0.0939,  0.0356,  0.0463,  0.0112,
         0.0648,  0.1460,  0.0576,  0.0650,  0.1103, -0.0971,  0.0670,  0.0139,
        -0.0480, -0.0488,  0.0635,  0.0837,  0.0532, -0.1275, -0.0294,  0.0174,
         0.0417,  0.1628,  0.0158,  0.0209,  0.0949,  0.1157, -0.0240,  0.0656,
        -0.1122, -0.0026,  0.0829, -0.0043,  0.0294,  0.0156,  0.0436, -0.0601,
         0.0732, -0.0831,  0.0578, -0.0285, -0.1727,  0.1689,  0.0278,  0.0687,
         0.1444,  0.0144, -0.0301,  0.0872,  0.0891,  0.0557, -0.1256, -0.0510,
         0.0737,  0.1418,  0.0221,  0.0629,  0.1139, -0.2155, -0.0121,  0.0914,
        -0.0046,  0.1429,  0.0257,  0.0459,  0.1364,  0.1714, -0.0467,  0.0925,
        -0.0514, -0.0965,  0.1286, -0.0604,  0.0371, -0.1212,  0.1500, -0.0049,
         0.0297, -0.0109, -0.0713,  0.0459,  0.0308,  0.0175, -0.1260,  0.0699,
         0.0650,  0.1205, -0.0008,  0.0311,  0.0261,  0.0970,  0.1329, -0.1157,
         0.1371,  0.0969,  0.0789,  0.0797,  0.0495,  0.0727,  0.0559,  0.1793,
         0.1443,  0.1312,  0.0261,  0.0558,  0.1381,  0.0284,  0.0323,  0.0224,
        -0.1206,  0.0891,  0.1176, -0.0859,  0.0080,  0.0337, -0.0148, -0.0373,
         0.0555,  0.1693,  0.0951, -0.1479,  0.0190, -0.0021,  0.0735,  0.0225,
        -0.0189,  0.0446,  0.1113,  0.1091,  0.0223,  0.1273, -0.0268, -0.1077,
         0.0741,  0.0658, -0.0166,  0.0056,  0.2002, -0.0491,  0.0275,  0.0876,
         0.1111,  0.0250, -0.0644, -0.1793, -0.2203,  0.0439,  0.2028, -0.0413,
         0.0173,  0.1216, -0.0416,  0.0316,  0.1440,  0.0999,  0.0350,  0.0417,
        -0.0217,  0.0129,  0.1905, -0.0606,  0.0161, -0.1296,  0.0844,  0.1203,
         0.0886,  0.1376,  0.0949,  0.0688, -0.0112,  0.0162,  0.1562, -0.0359,
         0.0599,  0.0481, -0.0081,  0.0766,  0.2214,  0.2323,  0.0554, -0.0472,
         0.2014, -0.0044, -0.0008,  0.0168, -0.0130,  0.0439,  0.0478,  0.0519,
         0.0777,  0.1450,  0.0054, -0.0071, -0.0108, -0.1268, -0.0667, -0.0118,
         0.0514,  0.0260,  0.0447, -0.1758,  0.0346,  0.0475, -0.0432, -0.0051,
        -0.1276,  0.0330,  0.0905,  0.0443,  0.1314, -0.0072,  0.0180,  0.0129,
        -0.1402, -0.0159,  0.1491,  0.0947,  0.1861,  0.0272,  0.0388,  0.0408,
         0.0395,  0.0862,  0.0623, -0.0100,  0.0386, -0.0013,  0.1008,  0.1209,
         0.0679,  0.0379,  0.0052, -0.0019,  0.0946,  0.0488,  0.1331,  0.1251,
         0.0080,  0.2424, -0.0101, -0.1790, -0.0177, -0.0265, -0.1882,  0.0763,
         0.1224,  0.1007,  0.0513, -0.0356,  0.0442, -0.0231,  0.0509, -0.2017,
         0.0592, -0.1062, -0.1133,  0.0204,  0.0336,  0.0240,  0.0387,  0.0706,
         0.0119,  0.0579,  0.1487,  0.0632,  0.0588, -0.0505,  0.1261, -0.0976,
         0.0495,  0.0447,  0.0992,  0.0425, -0.0419,  0.0943, -0.0059, -0.0098,
        -0.0424,  0.0703,  0.0522,  0.2277,  0.0418,  0.0156,  0.0765,  0.0625,
        -0.0099,  0.0209,  0.0198,  0.0705], device='cuda:1',
       requires_grad=True), Parameter containing:
tensor([[-0.0098, -0.0024,  0.0009,  ..., -0.0429, -0.0185,  0.0002],
        [-0.0459, -0.0251, -0.0266,  ..., -0.0426,  0.0382,  0.0078],
        [ 0.0215, -0.0470,  0.0485,  ..., -0.0457,  0.0271, -0.0254],
        ...,
        [-0.0545,  0.0329, -0.0264,  ..., -0.0754, -0.0392, -0.0736],
        [-0.0086, -0.0143,  0.0455,  ...,  0.0339,  0.0098,  0.0347],
        [ 0.0681, -0.0410,  0.0842,  ..., -0.0085,  0.0318, -0.0313]],
       device='cuda:1', requires_grad=True), Parameter containing:
tensor([ 7.6513e-02, -4.2935e-02, -9.8315e-02, -2.6818e-02,  1.8974e-01,
         9.8294e-02, -3.8654e-02,  6.9753e-02,  1.5300e-01, -4.2144e-02,
         1.8519e-02,  2.0437e-02,  5.0837e-02, -4.8993e-03, -3.3516e-02,
        -1.2023e-01,  9.2148e-02,  3.8711e-02, -2.2080e-02,  5.7659e-02,
         9.8588e-03, -1.5311e-02, -3.9582e-02, -4.5120e-02,  1.6812e-01,
         5.4170e-02,  5.0530e-02,  1.9136e-02,  1.0320e-01,  2.9147e-02,
        -3.1379e-02,  5.2795e-02, -4.6581e-02,  7.6297e-02,  1.3052e-02,
         5.6946e-02,  6.7831e-02,  2.1996e-01,  4.9196e-02,  9.6472e-02,
         1.2269e-01, -9.5269e-02,  1.8602e-01,  1.1404e-01,  1.3089e-02,
         8.5045e-02,  6.6088e-02,  9.0562e-02,  5.9677e-02, -4.9461e-02,
         1.1431e-01, -6.4219e-02, -9.7609e-02, -5.5013e-02,  9.7221e-03,
         1.7744e-01, -5.3145e-02, -8.4335e-04, -1.0589e-01, -3.2875e-02,
         4.3677e-04,  1.3313e-01, -4.1037e-02,  1.9002e-03,  5.1490e-04,
         2.9512e-02,  6.9996e-02, -3.1141e-02,  1.3472e-01,  2.7136e-02,
         1.3531e-01,  6.6772e-02,  4.0308e-02,  7.5366e-02, -1.3746e-01,
        -3.4616e-02,  3.1863e-03,  2.1938e-01, -3.3954e-02,  1.1056e-02,
         2.5519e-02, -6.6343e-02,  3.5888e-02,  4.1719e-02,  5.7094e-02,
         3.5417e-02,  9.0499e-02,  3.7705e-02, -5.6546e-03, -1.3208e-01,
         1.1815e-01,  1.0069e-02,  2.9856e-02, -4.6070e-03,  6.1211e-02,
         1.1694e-01, -2.0984e-03,  5.3078e-02,  1.1422e-01, -1.5222e-02,
        -4.9470e-02,  8.1947e-02, -4.5133e-02,  2.2471e-01,  8.2236e-02,
        -6.8581e-02,  8.2658e-03, -6.9934e-02,  9.0808e-03,  5.6847e-02,
         1.9893e-01,  3.9642e-02,  3.0846e-02, -1.0116e-01,  7.6009e-02,
         2.1016e-01, -4.7767e-03,  4.3729e-03,  3.4062e-02,  8.7077e-03,
        -5.4423e-04,  1.4823e-01,  2.0782e-02,  1.6395e-02, -3.2327e-02,
         5.8493e-02,  2.7035e-01, -3.8983e-02,  3.4949e-02,  2.7929e-02,
         8.4222e-02,  6.4095e-03,  7.8899e-04, -9.6538e-02,  6.3293e-02,
         2.1660e-01, -8.8490e-02,  1.5443e-01,  2.2916e-01,  6.6876e-02,
         3.6549e-02, -9.8653e-02,  7.7085e-02,  5.6858e-03, -7.7268e-02,
        -1.2345e-01,  3.2672e-02, -5.7588e-02,  1.1172e-03,  6.5516e-02,
         3.2150e-02,  4.8324e-02, -1.1227e-02,  1.1183e-01,  3.6171e-02,
        -5.6612e-03, -7.0141e-02, -9.1236e-02,  3.3680e-02,  4.6978e-03,
         3.8632e-04,  5.3114e-02,  1.2493e-01,  1.5297e-02,  6.6112e-02,
         2.7459e-01,  2.9689e-02, -2.1938e-02, -1.0251e-02,  6.1041e-02,
        -4.9124e-02,  1.2743e-01,  1.4626e-01, -1.3295e-01,  1.5898e-01,
        -3.7162e-03, -9.7337e-02, -9.6619e-02,  2.1256e-01,  1.6510e-01,
         1.5273e-01,  1.1484e-01,  1.0360e-01,  5.7077e-02,  4.5957e-02,
         1.3853e-01,  6.1606e-02,  1.5264e-01, -5.9314e-03, -1.2377e-02,
         8.9026e-02,  9.8214e-04,  3.9618e-02,  1.8237e-01, -2.1889e-02,
         1.0430e-01,  7.0309e-02,  3.0836e-02,  2.6423e-03,  3.0489e-02,
         4.9842e-02,  1.0316e-02,  8.7499e-02,  1.6396e-01, -1.1559e-01,
         1.4452e-01,  1.4572e-01,  3.1950e-02, -1.9706e-04,  8.1323e-02,
        -1.3630e-02,  1.1416e-02,  6.9809e-02,  6.9648e-02, -9.7281e-02,
         8.5754e-02,  6.0874e-02,  1.8856e-04,  3.6313e-02,  9.1474e-02,
         4.6935e-02,  9.0689e-02,  1.0418e-01, -7.8006e-02,  8.4937e-02,
         5.4350e-02, -6.1879e-02, -1.0648e-01, -6.0828e-02, -8.9974e-03,
        -6.5886e-03,  4.9513e-02,  2.4781e-02,  1.2438e-01,  1.7313e-02,
        -1.5199e-02,  4.7284e-02,  1.2193e-02,  1.5574e-02, -4.2048e-02,
         1.0545e-01,  1.1859e-01, -4.3250e-02, -7.3512e-02, -5.6908e-02,
         1.0455e-01,  7.2737e-02, -3.1170e-02,  6.8428e-02,  9.7011e-02,
        -6.2906e-04, -3.1302e-02, -1.5661e-02,  9.1270e-02,  6.2146e-02,
        -5.9010e-02,  1.6831e-02, -4.1101e-02,  1.1348e-01,  4.3186e-02,
         5.6975e-02,  1.0630e-01,  7.8192e-02,  6.4166e-04, -2.7062e-02,
         8.8864e-02,  9.7765e-02,  5.6605e-02,  1.8935e-01, -1.0649e-02,
         3.7748e-02, -1.2475e-02,  6.4514e-02,  3.8035e-03, -1.9279e-02,
         1.2711e-01,  7.8121e-02, -9.7227e-02,  5.1764e-02,  1.3114e-01,
         1.0059e-02,  3.8416e-02, -1.0005e-01,  8.6347e-02,  4.5855e-02,
         9.9416e-02, -8.4567e-02,  7.4118e-02,  4.8760e-02,  1.0283e-01,
        -9.9895e-02,  2.9495e-02, -5.1278e-02,  2.7398e-03,  2.8392e-02,
         4.5915e-02,  2.2059e-02,  7.1130e-02,  6.2559e-02, -1.0317e-02,
         1.1120e-01,  4.2005e-03,  3.2249e-02, -1.4797e-02,  8.5556e-02,
        -4.2502e-02,  1.3345e-01,  2.0079e-01, -2.2796e-02, -8.5322e-02,
         1.8903e-02,  3.8556e-02,  1.2659e-01,  1.7517e-01, -3.3642e-02,
         1.0864e-01,  7.0244e-02, -1.2812e-01, -1.0374e-01,  1.7643e-01,
        -5.7527e-02,  1.1462e-01,  1.8141e-01,  9.8188e-02, -1.2311e-01,
         2.5002e-02,  1.9829e-02, -5.9571e-02, -3.9122e-02,  6.8766e-02,
        -1.0814e-01,  2.3315e-02,  8.4826e-02, -3.6247e-02,  1.3370e-02,
        -6.1710e-03,  1.0537e-01,  1.6155e-01,  2.6057e-01,  1.4128e-01,
         1.0045e-01,  1.1501e-01,  7.9758e-02, -1.1964e-01,  1.9452e-03,
         7.1387e-02,  4.3069e-02, -4.3597e-03,  1.1509e-01,  2.7811e-01,
        -1.1300e-01, -9.5589e-02,  6.2647e-04,  9.8442e-02,  1.8649e-02,
         1.6197e-02, -2.9894e-03,  1.4258e-01,  4.6657e-02,  1.7592e-02,
         6.2825e-02,  6.5319e-02, -6.9531e-02, -2.3426e-02, -1.9677e-04,
        -8.5442e-02,  1.0907e-01,  6.6983e-02, -7.9841e-03,  4.2360e-02,
         6.2528e-02, -3.1969e-02,  8.1562e-03, -2.7685e-02,  1.1306e-01,
        -1.7264e-01,  5.7777e-02,  1.1573e-01,  3.2300e-02,  9.2557e-02,
         4.6284e-02,  7.6778e-02,  1.7246e-01, -1.2560e-01,  5.6826e-02,
        -4.4362e-02,  1.8387e-01,  2.0204e-01, -3.7949e-02,  1.6886e-02,
         9.1085e-02, -4.3792e-02,  3.2036e-02, -6.5534e-03, -1.5134e-01,
         6.7209e-03,  6.9093e-02,  7.5954e-02,  6.7505e-02,  2.3638e-01,
         6.2079e-02, -6.6048e-04, -2.5345e-03,  1.2169e-02, -1.8481e-02,
         2.3794e-01, -1.0958e-01,  1.4927e-01,  2.1812e-02, -1.8874e-02,
         3.7176e-02, -5.3846e-03,  1.5169e-01,  3.9412e-02,  1.3276e-02,
         2.8741e-02, -3.5210e-02,  1.3221e-02,  8.4412e-02, -4.7536e-02,
        -1.1550e-01, -1.6343e-03,  8.3061e-02,  1.3699e-01,  1.7681e-01,
         3.1997e-02,  4.4719e-02,  1.1423e-02,  2.7776e-02, -9.2500e-02,
         1.0282e-02,  2.8573e-02,  3.7713e-02,  1.0476e-01,  2.7250e-02,
         2.8539e-02,  4.8654e-02,  5.9449e-02, -2.0509e-02,  2.3718e-01,
         4.1159e-02,  4.3570e-02,  6.2932e-03,  1.2844e-01,  5.3203e-02,
        -1.7407e-02, -3.5165e-03,  2.5779e-02,  2.8309e-02,  1.1894e-01,
         2.3873e-03,  8.0914e-02,  6.0191e-02,  3.4713e-02, -2.8122e-02,
         7.7187e-02,  5.4583e-03,  1.2989e-01,  4.6263e-02,  1.0529e-01,
         3.0587e-02,  1.4572e-01, -5.5866e-02, -6.9192e-03,  9.2084e-02,
        -1.4653e-02, -6.5557e-03, -1.3439e-02, -1.5689e-01,  4.1196e-02,
        -9.1079e-02,  1.1659e-01, -1.6692e-02,  2.2592e-01,  6.6615e-02,
        -6.8703e-02,  2.5138e-01, -3.8512e-02,  6.5889e-02, -2.5008e-02,
         2.3090e-02, -5.6567e-03,  1.8053e-02,  4.0022e-02,  8.8507e-02,
        -9.7210e-03,  1.0873e-01,  5.8471e-02,  2.7243e-02,  1.6179e-02,
         4.8419e-03,  1.0958e-01,  8.7173e-02,  1.3177e-01,  3.8481e-02,
         1.3516e-02,  1.4770e-01,  7.8221e-02,  8.9978e-02, -9.1818e-02],
       device='cuda:1', requires_grad=True), Parameter containing:
tensor([[-0.1124, -0.0443, -0.0550,  ...,  0.0185, -0.0204,  0.0036],
        [ 0.0270,  0.0421, -0.0498,  ..., -0.0215,  0.0142, -0.0061],
        [ 0.0283,  0.0045,  0.0367,  ...,  0.0385, -0.0271, -0.0255],
        ...,
        [-0.0949,  0.0331, -0.0500,  ...,  0.0427, -0.0405,  0.0187],
        [ 0.0230, -0.0423, -0.0239,  ...,  0.0452, -0.0402,  0.0350],
        [ 0.0108, -0.0062, -0.0075,  ...,  0.0421, -0.0025,  0.0101]],
       device='cuda:1', requires_grad=True), Parameter containing:
tensor([ 0.0263, -0.0282, -0.0464,  ...,  0.0297, -0.0812,  0.1068],
       device='cuda:1', requires_grad=True), Parameter containing:
tensor([[ 0.0064, -0.0133,  0.0178,  ..., -0.0669, -0.0432, -0.0568],
        [ 0.0231,  0.0051, -0.0065,  ..., -0.0490,  0.0145, -0.0308],
        [ 0.1125, -0.0021,  0.0168,  ...,  0.0601,  0.0114, -0.0217],
        ...,
        [ 0.0443, -0.0057, -0.0128,  ...,  0.0108, -0.0669, -0.0209],
        [-0.0105,  0.0047,  0.0198,  ..., -0.0140, -0.0410,  0.0267],
        [ 0.0437, -0.0044,  0.0040,  ...,  0.0581,  0.0204, -0.0557]],
       device='cuda:1', requires_grad=True), Parameter containing:
tensor([ 1.6147e-02, -2.4827e-02, -6.4342e-03, -8.6157e-03, -1.2522e-02,
        -2.1065e-02,  7.6510e-03,  2.6785e-02,  8.5283e-03, -3.9313e-03,
        -1.8667e-03,  2.6922e-02,  1.8706e-02,  3.7734e-02, -2.1666e-03,
        -3.1548e-02,  9.3021e-03,  2.8458e-03, -2.6447e-02, -2.4246e-02,
         4.4341e-02,  5.6354e-04,  8.2082e-03, -2.5028e-02, -3.1049e-02,
        -1.0255e-02,  5.2322e-03,  4.9265e-02, -2.1414e-02, -1.3070e-02,
         1.2336e-03, -2.9769e-02,  7.2179e-05,  1.3848e-02, -3.9894e-02,
        -2.9032e-02, -6.7243e-03,  5.2272e-02,  9.0964e-05,  5.5098e-03,
         2.0856e-02, -2.1734e-02,  3.7369e-02, -8.7193e-03, -5.6649e-03,
         5.4367e-03,  1.2788e-02, -6.7912e-03,  2.5500e-02,  8.6617e-04,
        -4.2503e-02, -6.4848e-03,  1.8962e-02,  3.1426e-02, -2.4653e-02,
        -2.1598e-02, -2.9365e-02, -3.4757e-02, -3.0974e-02,  5.8522e-03,
         1.9221e-02, -6.9984e-03,  1.5566e-02,  2.1359e-02, -2.7114e-02,
         1.0795e-02, -2.3539e-02,  2.3440e-02,  5.9005e-03,  4.0520e-03,
        -1.1857e-02, -8.5341e-03, -1.8719e-02,  1.2949e-02,  1.0739e-02,
        -4.0536e-02, -3.1537e-02,  7.6272e-03,  1.9191e-02, -1.5632e-02,
        -4.4251e-02,  3.9860e-02,  1.4555e-02, -5.4414e-03,  2.4493e-02,
        -3.4692e-02,  3.3544e-02,  2.2673e-02,  2.2252e-02,  2.7526e-02,
        -1.7238e-02, -1.0454e-02,  1.7181e-02,  1.5138e-03,  5.7266e-03,
        -9.6788e-03,  7.2330e-03,  2.3865e-02,  2.1978e-03, -1.7086e-02],
       device='cuda:1', requires_grad=True), Parameter containing:
tensor([[-0.0115,  0.0136,  0.0125,  ..., -0.0647,  0.0072, -0.0337],
        [ 0.0151, -0.0061, -0.0003,  ..., -0.0385,  0.0209, -0.0315],
        [ 0.0242,  0.0123,  0.0256,  ..., -0.0458,  0.0189, -0.0425],
        ...,
        [ 0.0119,  0.0103,  0.0150,  ...,  0.0146, -0.0046, -0.0600],
        [ 0.0069,  0.0054,  0.0040,  ..., -0.0317,  0.0042, -0.0429],
        [-0.0048,  0.0212, -0.0152,  ...,  0.0093, -0.0158, -0.0639]],
       device='cuda:1', requires_grad=True), Parameter containing:
tensor([-0.0840, -0.0719, -0.0377, -0.0757, -0.0802, -0.0727, -0.0299, -0.0599,
        -0.0595, -0.0566, -0.0515, -0.0708, -0.0862, -0.1041, -0.0879, -0.1010,
        -0.0635, -0.0853, -0.0711, -0.0706, -0.0772, -0.1419, -0.0797, -0.1172,
        -0.1135, -0.1274, -0.0807, -0.1146, -0.1257, -0.0291, -0.0362, -0.0619,
        -0.0439, -0.0793, -0.0513, -0.0692, -0.0450, -0.0754, -0.0849, -0.0469,
        -0.0644, -0.0860, -0.0527, -0.0962, -0.0611, -0.0715, -0.0507, -0.0853,
        -0.0872, -0.0498, -0.1001, -0.1315, -0.0799, -0.1234, -0.1067, -0.1184,
        -0.0898, -0.0905, -0.1163, -0.0884, -0.0526, -0.0843, -0.0596, -0.0721,
        -0.0948, -0.0508, -0.0775, -0.0920, -0.0944, -0.0416, -0.0713, -0.0717,
        -0.0664, -0.0730, -0.0697, -0.0755, -0.0632, -0.0625, -0.0812, -0.0650,
        -0.0852, -0.0796, -0.0774, -0.0724, -0.0511, -0.0654, -0.0608, -0.0814,
        -0.0973, -0.0333, -0.0813, -0.1037, -0.0711, -0.0765, -0.0903, -0.0808,
        -0.0468, -0.0659, -0.0875, -0.0711], device='cuda:1',
       requires_grad=True), Parameter containing:
tensor([[-3.0288e-01, -1.6833e-01, -2.0957e-01,  ...,  7.1993e-02,
          9.7511e-02,  1.3544e-01],
        [ 6.9593e-02,  4.8261e-01, -1.8696e-01,  ..., -1.8173e-01,
          2.9377e-01, -1.0656e-01],
        [ 2.1076e-01,  4.2766e-01, -7.3886e-02,  ...,  8.4360e-02,
          3.0261e-01, -2.3830e-01],
        ...,
        [-2.2490e-01,  8.2613e-02, -1.1160e-01,  ..., -1.1510e-01,
         -2.9588e-01, -2.3042e-01],
        [-3.8075e-01, -6.3890e-02, -7.3149e-02,  ..., -8.1697e-02,
          8.3622e-02, -7.6515e-03],
        [-2.6477e-01,  8.3649e-03, -1.5261e-01,  ...,  1.5681e-05,
         -2.0950e-01,  4.8777e-02]], device='cuda:1', requires_grad=True), Parameter containing:
tensor([ 0.5318, -0.1028,  0.4715,  ...,  0.0246,  0.0536,  0.4742],
       device='cuda:1', requires_grad=True), Parameter containing:
tensor([[ 0.0163, -0.0306,  0.0235,  ...,  0.0418, -0.0077,  0.0412],
        [ 0.0464, -0.1110, -0.0662,  ...,  0.0331,  0.0404,  0.0280],
        [ 0.0181, -0.0207, -0.0012,  ..., -0.0059,  0.0096,  0.0008],
        ...,
        [ 0.0265, -0.0183, -0.0652,  ..., -0.1311, -0.0104, -0.0002],
        [-0.0064,  0.0155,  0.0165,  ..., -0.0053,  0.0016,  0.0158],
        [-0.0124, -0.0219,  0.0097,  ...,  0.0098,  0.0012,  0.0054]],
       device='cuda:1', requires_grad=True), Parameter containing:
tensor([ 0.1042,  0.0512, -0.0209,  0.0208, -0.0088,  0.0744, -0.0576,  0.0501,
         0.0415,  0.0148,  0.0862,  0.0642,  0.0113,  0.1123,  0.0289,  0.0365,
         0.0280,  0.0517,  0.0088,  0.0729,  0.0564,  0.0970, -0.0577, -0.1232,
         0.1579,  0.0464,  0.0715,  0.0838, -0.0134,  0.0500,  0.0187,  0.0952,
        -0.0386, -0.0165, -0.0082,  0.1367,  0.0278, -0.0190,  0.0227, -0.0137,
         0.0039, -0.0105,  0.0453, -0.0053,  0.0074, -0.0415,  0.0792,  0.0775,
         0.0094,  0.0958, -0.0437,  0.0555,  0.0159,  0.0425, -0.0064,  0.1000,
         0.0004,  0.0050, -0.0811,  0.0363, -0.0118,  0.1255,  0.0277,  0.0376,
        -0.0109, -0.0068,  0.0625,  0.0976, -0.0341,  0.0108,  0.0048,  0.0879,
        -0.0200,  0.0341, -0.0020,  0.0600,  0.1015,  0.0194, -0.0473,  0.0005,
         0.0063, -0.0110,  0.1108,  0.0786,  0.0136, -0.0215,  0.0164,  0.0741,
         0.0204, -0.0627,  0.0844,  0.0662, -0.0017, -0.0793,  0.0006, -0.0074,
        -0.0062,  0.0163, -0.0011, -0.0421, -0.1041, -0.2145, -0.0102,  0.0826,
        -0.0161,  0.0475, -0.1571, -0.0144,  0.0714, -0.0007, -0.1006,  0.0561,
         0.0299, -0.0416, -0.0529,  0.0188, -0.0219, -0.0191,  0.0375,  0.0495,
         0.0003,  0.0958, -0.0091,  0.1025,  0.0346,  0.0141,  0.0614,  0.0189,
        -0.0180, -0.0191,  0.0086,  0.0673,  0.0505, -0.0098, -0.0108,  0.0543,
         0.0042,  0.0192,  0.1176, -0.0164,  0.0662,  0.0686,  0.0924, -0.0201,
         0.0502,  0.0100,  0.0878, -0.0076,  0.0750,  0.0467, -0.0049,  0.0410,
         0.0030,  0.1167, -0.1394,  0.0070,  0.1228,  0.0346, -0.0368, -0.0573,
        -0.0136, -0.0029, -0.0172,  0.0630,  0.0171,  0.0003,  0.0238,  0.1136,
         0.0254, -0.0617, -0.0411,  0.0884, -0.0112, -0.1009,  0.0119,  0.0632,
        -0.1028, -0.0099, -0.0128,  0.0120,  0.0538,  0.0678, -0.0127, -0.0043,
         0.0198,  0.0202,  0.0275,  0.0779,  0.0318,  0.0434, -0.0205,  0.0798,
         0.0918,  0.0420,  0.0245,  0.0699,  0.0041, -0.0129,  0.0326,  0.0179,
        -0.0158, -0.1506,  0.0763,  0.0809, -0.0122,  0.0152, -0.0017,  0.0170,
        -0.0241,  0.0427,  0.0080, -0.0232, -0.0196, -0.0122,  0.0739,  0.0919,
        -0.0046, -0.0374, -0.0505,  0.1296,  0.0185, -0.0464, -0.0948,  0.0989,
         0.0928,  0.0727,  0.0998,  0.0113,  0.0284,  0.0801, -0.0691,  0.0274,
         0.0582, -0.0738,  0.0072, -0.0156,  0.0181, -0.0083,  0.0249,  0.0093,
         0.0262, -0.0667,  0.0356,  0.0265,  0.1113, -0.0904,  0.0849,  0.0475,
         0.0521, -0.0096,  0.0335,  0.1014,  0.0354,  0.0621, -0.0252,  0.0053,
         0.0022,  0.1283, -0.1127, -0.0637, -0.0018,  0.0669,  0.0233, -0.0334,
         0.0132,  0.0702,  0.0613,  0.0739,  0.1333, -0.0033,  0.0661,  0.0049,
         0.0118, -0.0217, -0.0379,  0.0712,  0.0828,  0.0868,  0.0050,  0.0790,
         0.0188, -0.0078, -0.0012, -0.0044,  0.0987,  0.0028,  0.0110, -0.0036,
         0.0289,  0.0092,  0.1107,  0.0736,  0.0147,  0.0688,  0.0368, -0.0092,
         0.0192, -0.1281,  0.0156, -0.0048, -0.0846,  0.0350, -0.0033,  0.0146,
         0.0095,  0.0039,  0.0405,  0.0170, -0.0307,  0.0064,  0.0020, -0.0078,
         0.1233,  0.1201,  0.0994,  0.0819,  0.0040,  0.0608, -0.0202, -0.0233,
         0.0354, -0.0138,  0.0950,  0.1026,  0.0130, -0.0052,  0.1627,  0.0230,
        -0.0110, -0.0048,  0.1061, -0.0162,  0.0430, -0.0645, -0.0758,  0.0151,
        -0.0327, -0.0196,  0.0610, -0.0605, -0.0087,  0.0862,  0.0551, -0.0050,
        -0.0029,  0.0721,  0.0438,  0.0868, -0.2717,  0.1832,  0.0248,  0.0028,
        -0.0075,  0.0344,  0.1068, -0.0304,  0.0190,  0.0194, -0.0008,  0.0405,
         0.0115, -0.0142,  0.0018,  0.0195,  0.0403, -0.0213,  0.0448,  0.0852,
         0.0135, -0.0148, -0.0176,  0.0821, -0.0090,  0.0146,  0.0010,  0.1453,
        -0.0234,  0.0700, -0.0167,  0.0157,  0.0517,  0.0302,  0.0392,  0.0279,
         0.0502, -0.0949, -0.0170, -0.0169,  0.0380,  0.0511,  0.1084, -0.1359,
         0.0416,  0.0317,  0.0439,  0.0061,  0.0354, -0.0087,  0.0842,  0.0826,
         0.0565,  0.0713,  0.0953, -0.0231, -0.0049,  0.0614,  0.0253, -0.0260,
        -0.0642,  0.0144, -0.0075, -0.0062,  0.0138,  0.0162,  0.1460,  0.0855,
         0.0029, -0.0215,  0.0384, -0.0221,  0.1004, -0.0052,  0.0464, -0.1286,
         0.1295,  0.0030,  0.0941, -0.0188, -0.0836,  0.0733, -0.0079,  0.0541,
         0.0194,  0.0063, -0.1073,  0.0378,  0.0123,  0.0026, -0.0569, -0.0360,
         0.0090, -0.0191,  0.0439, -0.0041,  0.0361, -0.0236,  0.0620,  0.0363,
         0.0051,  0.0486, -0.0223, -0.0028,  0.0721,  0.0089, -0.0246,  0.0994,
         0.0470,  0.0082, -0.0044,  0.0817,  0.0365, -0.0528,  0.0281, -0.0085,
         0.0119,  0.0555,  0.0757,  0.0276, -0.0078,  0.0047, -0.0178, -0.0697,
        -0.0191,  0.0586, -0.0062, -0.0114,  0.0393,  0.0225, -0.0227, -0.0049,
         0.0515,  0.0124, -0.0062,  0.0228, -0.0074, -0.0263, -0.0034, -0.0692,
        -0.0013,  0.0759,  0.0530, -0.0083,  0.0392, -0.0487,  0.1259,  0.0737,
        -0.0793,  0.0104,  0.0155,  0.0180], device='cuda:1',
       requires_grad=True), Parameter containing:
tensor([[ 0.0326, -0.0322, -0.0401,  ...,  0.0777, -0.0396, -0.0044],
        [ 0.0133,  0.0425, -0.0320,  ...,  0.0690,  0.0051,  0.0390],
        [ 0.0308,  0.0001, -0.0132,  ...,  0.0768,  0.0347,  0.0205],
        ...,
        [ 0.0141,  0.0692, -0.0346,  ..., -0.0576,  0.0334, -0.0003],
        [-0.0155, -0.0355,  0.0082,  ...,  0.0031, -0.0028,  0.0282],
        [-0.0005,  0.0560,  0.0099,  ...,  0.0132, -0.0271, -0.0443]],
       device='cuda:1', requires_grad=True), Parameter containing:
tensor([-9.7445e-03, -3.4372e-02, -4.8596e-04,  8.1392e-02, -2.7469e-02,
         8.9931e-03,  3.5465e-02,  3.6780e-02,  1.8216e-02,  5.1973e-02,
        -4.1923e-02,  3.8592e-02,  3.3140e-02,  3.0418e-02,  3.8344e-02,
        -1.1473e-02, -1.6987e-02, -1.3082e-02,  1.2337e-02, -1.7164e-02,
        -1.8090e-02, -1.8953e-03,  3.5777e-02, -1.9162e-02,  7.3488e-02,
         1.4432e-02,  2.5514e-02, -2.1565e-02, -3.8774e-02, -2.1729e-02,
         3.7204e-02, -1.3597e-02,  1.5705e-02,  2.5235e-02,  3.0632e-03,
        -4.1781e-02,  6.3606e-02,  1.8436e-02, -4.4036e-02, -1.8394e-02,
         3.3933e-03,  5.5022e-02,  8.3964e-02,  2.9276e-03,  3.4811e-02,
         2.4108e-02, -5.0327e-03, -2.4412e-02, -4.6916e-02, -8.4139e-02,
         5.7095e-02,  7.4208e-04,  5.5711e-02, -1.7866e-02,  4.1856e-02,
        -4.5984e-02,  6.1629e-02,  4.4961e-02,  7.6631e-03, -4.7907e-02,
         2.4337e-03,  4.3176e-02, -3.2793e-02, -4.4992e-03, -1.0304e-02,
         3.1630e-02,  2.5795e-02, -8.6058e-02, -7.7330e-03,  4.3463e-03,
        -2.5385e-02, -3.7806e-02,  6.3128e-02, -3.5097e-02,  4.6091e-02,
        -1.6728e-02, -3.5087e-02, -7.7206e-03,  2.7109e-02,  1.4433e-03,
        -3.1615e-03,  9.5493e-03,  2.7864e-02,  3.7280e-02,  4.7230e-02,
        -4.7351e-02,  1.0961e-02,  3.5870e-02,  8.1279e-02, -1.3152e-02,
         3.6768e-02,  4.6402e-02, -3.1074e-03,  7.1324e-02,  2.6936e-02,
        -4.0772e-02, -3.3145e-02,  2.7728e-02,  3.5278e-02, -1.1289e-02,
         9.2215e-03,  3.9285e-02, -1.9239e-02, -1.7331e-02,  3.9535e-02,
         2.5640e-02, -1.7524e-02,  4.4998e-02,  2.9417e-02, -4.0037e-02,
         1.4188e-03, -1.7776e-02,  2.2096e-02, -2.7354e-02,  5.1245e-02,
        -4.5994e-02,  6.9061e-03, -5.4284e-03, -2.8678e-02, -4.0888e-02,
         1.3391e-02,  4.6532e-02, -1.8903e-02,  1.8496e-02, -5.6737e-02,
         2.3028e-02,  2.9108e-02, -2.2619e-02, -1.3052e-02,  2.5040e-02,
         5.3175e-02, -3.8444e-03, -1.4909e-02, -6.2083e-04, -6.7399e-03,
        -1.6996e-02,  3.8762e-02,  3.0944e-02, -1.8496e-02,  2.5887e-02,
         1.6717e-02, -3.9054e-02, -5.1424e-02,  1.7685e-03, -2.0636e-02,
        -4.1674e-02,  7.1293e-03, -1.4485e-02,  1.3714e-02,  2.8691e-02,
        -1.5680e-02, -4.2223e-02, -2.9436e-02, -3.6571e-02,  5.8483e-02,
         9.4389e-03, -1.5296e-02, -1.5567e-02, -3.8591e-02, -2.0687e-02,
        -3.3547e-02, -2.0655e-02, -5.4290e-02,  5.8300e-02, -1.1823e-02,
         6.4761e-03,  3.9709e-02,  1.6953e-02, -4.0437e-02, -3.8539e-02,
        -2.5130e-02,  3.1281e-02, -4.9888e-02, -6.2738e-02,  5.4115e-02,
        -4.9069e-02,  1.6384e-02, -4.5196e-02, -2.8562e-02,  3.2112e-02,
        -1.4248e-02,  4.3819e-02,  9.2241e-03, -2.2873e-03,  5.5640e-02,
         1.5815e-02,  1.9037e-02,  5.8927e-03,  6.8852e-02,  5.4737e-02,
         3.8782e-03,  1.1262e-02,  1.8269e-02,  3.2244e-02, -2.2876e-02,
         2.7602e-02,  1.6249e-02, -8.5092e-03,  7.2945e-02, -4.3141e-02,
         6.6508e-05, -4.3927e-02,  3.9401e-02, -2.4614e-02,  8.1731e-03,
         3.8123e-02,  4.7500e-02,  2.9182e-02,  1.8021e-02,  4.9454e-02,
         4.5664e-02,  2.3281e-02, -2.1031e-02, -7.4678e-03, -1.2617e-02,
         3.7064e-02,  3.9996e-02, -1.7422e-02,  4.0541e-02,  2.6907e-02,
         4.4564e-02,  7.4078e-02, -1.6199e-02,  2.4699e-03, -4.9304e-02,
        -1.6009e-02, -3.7978e-02, -1.4908e-02, -2.1691e-02,  1.5953e-03,
         2.2714e-02,  2.2367e-02,  3.9969e-02, -2.9114e-02,  7.4340e-03,
        -1.7670e-02,  4.3933e-02, -4.5416e-02, -1.0010e-02,  2.7198e-02,
         1.7666e-02,  4.2966e-02,  2.2288e-03,  3.4169e-02, -3.7028e-02,
        -2.2367e-03,  1.1856e-02,  6.4851e-02,  3.9753e-02, -5.1662e-02,
         3.8043e-02,  4.1960e-02, -1.1814e-02,  1.5561e-02, -1.2769e-02,
         4.0501e-02, -2.1445e-02, -1.7282e-02,  1.9678e-02, -4.5910e-02,
        -2.1083e-02, -2.6152e-02,  3.2665e-02, -8.5329e-03,  6.0259e-02,
         9.1412e-03,  6.6908e-02,  4.8888e-02,  1.2037e-02, -2.6998e-02,
        -3.5627e-02,  1.0581e-02,  1.0864e-02,  9.8710e-03,  9.3580e-03,
         3.9082e-02, -1.9528e-02, -1.1286e-02, -1.7182e-02,  2.2996e-02,
        -1.6576e-02,  4.7112e-02,  3.0329e-02,  5.0374e-03,  2.0192e-03,
         2.7223e-02,  6.4981e-02, -1.8412e-02, -2.9371e-02,  4.5120e-02,
         9.6880e-04,  8.3806e-03, -3.3721e-02, -1.8142e-02,  5.1286e-02,
         1.0902e-02,  3.4315e-02,  1.7959e-02,  2.2038e-02, -1.4156e-02,
         5.5584e-02, -1.5023e-02,  2.9664e-02,  2.7988e-02, -3.2080e-03,
         4.4437e-02, -4.2740e-02,  3.9185e-02,  6.0866e-02,  3.8619e-03,
        -1.6886e-03,  8.2628e-03,  1.0034e-02,  4.9613e-02, -1.1317e-02,
         8.9496e-03, -3.2766e-03,  2.4229e-02,  3.2240e-02,  3.7936e-02,
         1.7548e-02,  6.3611e-02, -2.6085e-02,  2.2028e-03, -1.9608e-03,
        -1.5087e-02,  1.8768e-02, -3.2537e-02,  4.0833e-02,  6.4782e-03,
         1.3485e-02, -3.2655e-02, -4.2357e-02,  7.6783e-02,  1.9948e-02,
         1.2386e-02,  2.0352e-02, -3.4172e-02,  4.2367e-02,  1.6188e-02,
         4.0277e-02, -6.0815e-03,  1.8382e-02, -3.6868e-02,  1.4218e-03,
         2.5398e-02,  2.6049e-02,  8.1645e-03, -1.9958e-02,  2.3808e-02,
         2.6955e-02,  3.4362e-02, -4.4982e-03, -1.8552e-02, -2.3249e-02,
         6.3465e-02, -4.9179e-03, -9.3601e-03,  3.9106e-04,  2.2654e-02,
         6.0800e-02, -3.4129e-02,  9.8443e-03,  9.3925e-03,  2.4825e-02,
        -8.8433e-03, -1.6763e-02,  6.7906e-03, -2.1455e-02, -2.9446e-02,
        -2.0870e-02, -9.2782e-03, -4.5099e-02,  2.4620e-02,  2.1771e-02,
         1.7993e-02,  3.0646e-05,  5.0110e-02,  1.8635e-02,  1.0132e-02,
        -3.5549e-02,  1.5393e-02,  3.2448e-03,  2.3299e-02,  4.4438e-02,
         1.9420e-02,  2.1290e-02,  3.1984e-02, -2.5661e-02, -1.5417e-02,
         3.2617e-02, -1.2810e-02,  7.6586e-02,  4.6554e-02,  6.9290e-03,
         2.7332e-02, -2.7567e-02, -1.7068e-02,  3.2378e-02,  1.3482e-02,
        -1.6303e-02,  1.1040e-02, -2.8301e-02,  4.0890e-03, -4.1998e-02,
        -8.4515e-03, -3.4981e-02,  3.8332e-02,  8.1139e-03, -6.6033e-03,
         2.3669e-02, -1.3333e-02,  3.7260e-02, -1.3265e-02,  4.6467e-02,
        -2.5402e-02,  4.8972e-02, -2.8410e-02, -3.7151e-02, -2.1258e-02,
        -5.0350e-02,  6.2135e-02,  7.4923e-02, -6.5007e-02,  4.3461e-03,
         5.2482e-02, -1.4776e-02,  1.0819e-01,  2.3658e-02, -5.6328e-02,
         4.0078e-03, -5.9216e-02,  1.6893e-02, -1.8490e-02,  4.9529e-02,
         1.4006e-02,  2.5381e-02,  3.1184e-02,  4.3028e-02,  1.8383e-02,
         1.6080e-02,  4.6667e-03,  1.6340e-02,  7.0206e-03, -8.7061e-03,
         2.3831e-02, -1.8024e-02,  3.3852e-02,  5.1741e-02,  2.2640e-02,
         2.3331e-03,  5.7935e-02,  1.8046e-02, -4.5774e-02,  2.0048e-03,
        -4.4198e-02, -3.6173e-02, -1.8234e-02, -5.4190e-02,  3.0159e-02,
         8.8787e-03, -3.0634e-02, -3.4880e-02,  6.0661e-02, -1.3237e-02,
        -1.3682e-02, -8.5732e-03, -7.3159e-03,  4.1631e-02, -4.7665e-02,
         4.1545e-03,  2.5096e-02, -1.9231e-02, -8.5052e-03,  2.4175e-02,
         1.7133e-02,  2.6944e-02,  3.3849e-02, -2.4493e-03, -3.9868e-02,
         6.0133e-02,  2.6358e-02,  8.1064e-02, -4.3837e-02, -8.6865e-03,
         5.0980e-02, -2.2062e-02,  4.4380e-02, -5.3922e-04, -2.0703e-02,
        -4.7454e-02, -4.3591e-03,  1.9832e-03,  1.4594e-02, -1.7251e-02,
        -1.6837e-02, -4.2931e-02, -2.2099e-02, -5.8433e-02,  8.5908e-03],
       device='cuda:1', requires_grad=True), Parameter containing:
tensor([[-0.0211,  0.0251, -0.0217,  ..., -0.0282, -0.0308,  0.0155],
        [-0.0326, -0.0313, -0.0443,  ..., -0.0388, -0.0803, -0.0396],
        [ 0.0216, -0.0010, -0.0072,  ..., -0.0117, -0.0803, -0.0007],
        ...,
        [ 0.0168, -0.0150, -0.0179,  ..., -0.0114, -0.0986, -0.0057],
        [-0.0210,  0.0302, -0.0260,  ...,  0.0344, -0.1043, -0.0464],
        [ 0.0038,  0.0022, -0.0301,  ...,  0.0134, -0.0726, -0.0566]],
       device='cuda:1', requires_grad=True), Parameter containing:
tensor([ 0.0131, -0.0041, -0.0144, -0.0397,  0.0205, -0.0477,  0.0250, -0.0303,
         0.0337,  0.0232, -0.0342,  0.0056, -0.0062, -0.0123, -0.0178, -0.0389,
         0.0267,  0.0016, -0.0081,  0.0080,  0.0185,  0.0388,  0.0295, -0.0066,
        -0.0414,  0.0302, -0.0249, -0.0492,  0.0318,  0.0242, -0.0087,  0.0052,
         0.0187, -0.0439,  0.0160, -0.0580, -0.0090, -0.0495,  0.0048, -0.0413,
        -0.0194, -0.0636, -0.0012, -0.0370,  0.0264,  0.0185,  0.0302,  0.0389,
         0.0502,  0.0341, -0.0193,  0.0541, -0.0276, -0.0295, -0.0359,  0.0057,
        -0.0143,  0.0030,  0.0431, -0.0214, -0.0343, -0.0371,  0.0350,  0.0424,
        -0.0430, -0.0176,  0.0121, -0.0502,  0.0318, -0.0301, -0.0362, -0.0145,
         0.0342,  0.0352, -0.0325, -0.0023, -0.0179, -0.0181, -0.0028, -0.0205,
        -0.0143,  0.0406, -0.0120, -0.0118, -0.0250, -0.0219,  0.0010,  0.0696,
         0.0655, -0.0156,  0.0204, -0.0098,  0.0039, -0.0070,  0.0263,  0.0280,
        -0.0246, -0.0176, -0.0597,  0.0055,  0.0193, -0.0396, -0.0327, -0.0331,
        -0.0347,  0.0099,  0.0224,  0.0446, -0.0086, -0.0221,  0.0217, -0.0405,
         0.0367, -0.0311,  0.0151, -0.0432, -0.0784, -0.0198,  0.0070, -0.0715,
        -0.0445,  0.0139, -0.0459, -0.0627, -0.0087, -0.0554, -0.0410, -0.0412,
         0.0215,  0.0097, -0.0497, -0.0047,  0.0071,  0.0084, -0.0058, -0.0153,
         0.0063, -0.0079,  0.0264,  0.0206, -0.0183,  0.0053, -0.0066, -0.0431,
        -0.0138, -0.0420, -0.0494, -0.0732, -0.0008, -0.0203, -0.0435, -0.0192,
        -0.0423,  0.0181, -0.0089,  0.0169, -0.0107, -0.0618, -0.0170,  0.0014,
        -0.0040, -0.0248, -0.1022, -0.0372, -0.0254, -0.0060,  0.0064, -0.0090,
        -0.0383,  0.0351, -0.0412, -0.0069, -0.0687, -0.0247, -0.0662, -0.0221,
        -0.0231, -0.0070,  0.0181, -0.0257, -0.0114,  0.0616,  0.0378, -0.0060,
        -0.0085, -0.0503, -0.0623, -0.0647, -0.0389, -0.0663, -0.0559, -0.0308,
        -0.0411,  0.0512,  0.0427,  0.0343,  0.0012,  0.0473,  0.0366, -0.0409,
        -0.0126, -0.0311, -0.0668,  0.0123,  0.0222,  0.0424,  0.0513,  0.0251,
         0.0041,  0.0351,  0.0139,  0.0191,  0.0201, -0.0104, -0.0245, -0.0377,
        -0.0087, -0.0369, -0.0265, -0.0266,  0.0121,  0.0725, -0.0006,  0.0536,
         0.0253,  0.0292,  0.0111,  0.0170, -0.0099, -0.0171, -0.0348,  0.0506,
         0.0129,  0.0100,  0.0058,  0.0242,  0.0334,  0.0686,  0.0208, -0.0344,
        -0.0304,  0.0356,  0.0507,  0.0544,  0.0015,  0.0241,  0.0168,  0.0336,
         0.0430,  0.0072, -0.0199,  0.0696,  0.0562,  0.0102,  0.0029, -0.0282,
         0.0198,  0.0185,  0.0328,  0.0205,  0.0110, -0.0247, -0.0450, -0.0537,
        -0.0375, -0.0432,  0.0158,  0.0099, -0.0259,  0.0454,  0.0443,  0.0482,
         0.0092, -0.0573,  0.0132, -0.0410,  0.0075, -0.0023,  0.0157,  0.0043,
        -0.0027,  0.0548, -0.0240, -0.0009, -0.0195, -0.0089,  0.0106, -0.0246,
         0.0068, -0.0117, -0.0068,  0.0218, -0.0572, -0.0289,  0.0111,  0.0076,
         0.0434,  0.0375,  0.0501,  0.0158, -0.0158, -0.0424, -0.0417,  0.0171,
         0.0355,  0.0078, -0.0281, -0.0006,  0.0448,  0.0451,  0.0583,  0.0146,
        -0.0016,  0.0529,  0.0176,  0.0013, -0.0183, -0.0251, -0.0586, -0.0620,
        -0.0186,  0.0245, -0.0418, -0.0387, -0.0316, -0.0082,  0.0092, -0.0568,
         0.0068, -0.0583,  0.0068,  0.0376,  0.0089,  0.0328,  0.0292,  0.0281,
        -0.0004,  0.0133,  0.0800,  0.0151, -0.0320,  0.0242, -0.0130, -0.0163,
         0.0270, -0.0009, -0.0294, -0.0306,  0.0332,  0.0036,  0.0231,  0.0079,
        -0.0203, -0.0307,  0.0299, -0.0156,  0.0286,  0.0655,  0.0228,  0.0099,
        -0.0186,  0.0654, -0.0166,  0.0428,  0.0460,  0.0523,  0.0329, -0.0327,
         0.0369, -0.0082,  0.0109,  0.0122,  0.0246, -0.0011, -0.0569, -0.0366,
        -0.0075, -0.0250,  0.0341, -0.0262,  0.0350,  0.0569,  0.0448, -0.0372,
         0.0408,  0.0205, -0.0107, -0.0100,  0.0191,  0.0205, -0.0124,  0.0140,
        -0.0072,  0.0447, -0.0339, -0.0347,  0.0288,  0.0100, -0.0469,  0.0215,
        -0.0137,  0.0051, -0.0179,  0.0034, -0.0520, -0.0568, -0.0108,  0.0053,
         0.0425,  0.0177,  0.0032, -0.0228, -0.0521,  0.0071, -0.0067, -0.0029,
        -0.0179,  0.0163, -0.0250,  0.0203,  0.0136, -0.0148, -0.0084,  0.0211,
         0.0198, -0.0262,  0.0415, -0.0111, -0.0186,  0.0087,  0.0025,  0.0274,
         0.0239,  0.0069, -0.0216, -0.0244, -0.0171, -0.0618, -0.0670, -0.0195,
        -0.0519, -0.0242, -0.0166,  0.0124,  0.0032,  0.0605,  0.0654,  0.0166,
        -0.0171,  0.0334, -0.0071, -0.0045,  0.0225, -0.0396,  0.0221,  0.0463,
        -0.0384,  0.0090,  0.0413, -0.0040, -0.0239, -0.0521, -0.0118, -0.0267,
        -0.0192, -0.0310, -0.0626, -0.0230, -0.0354,  0.0202,  0.0417, -0.0052,
         0.0391,  0.0631,  0.0452, -0.0235, -0.0045,  0.0088,  0.0119, -0.0090,
        -0.0297, -0.0103,  0.0297,  0.0217,  0.0205,  0.0095, -0.0306, -0.0366,
         0.0173, -0.0026, -0.0807,  0.0211, -0.0370, -0.0216, -0.0234,  0.0249,
        -0.0275,  0.0130,  0.0396, -0.0153,  0.0014, -0.0149,  0.0059, -0.0374,
        -0.0051,  0.0149,  0.0226,  0.0584, -0.0251, -0.0270,  0.0053, -0.0321,
         0.0060, -0.0426,  0.0069, -0.0201,  0.0113, -0.0709,  0.0060,  0.0013,
        -0.0022,  0.0327, -0.0338, -0.0055, -0.0104,  0.0418,  0.0334,  0.0348,
        -0.0372,  0.0058,  0.0281,  0.0567,  0.0145, -0.0015,  0.0431, -0.0151,
        -0.0279, -0.0444, -0.0376, -0.0166, -0.0619,  0.0137, -0.0050, -0.0245,
        -0.0425, -0.0017,  0.0041,  0.0049, -0.0255, -0.0039,  0.0035,  0.0008,
         0.0366,  0.0483,  0.0525,  0.0320,  0.0376,  0.0502,  0.0443,  0.0300,
        -0.0149,  0.0386, -0.0100, -0.0372, -0.0323, -0.0184, -0.0173, -0.0166,
        -0.0257,  0.0070, -0.0120,  0.0026, -0.0422, -0.0153, -0.0088, -0.0199,
        -0.0032,  0.0520,  0.0291,  0.0411,  0.0115, -0.0015, -0.0064,  0.0342,
        -0.0108,  0.0065, -0.0377,  0.0343, -0.0472,  0.0308, -0.0092,  0.0222,
        -0.0697, -0.0744,  0.0098,  0.0009,  0.0138, -0.0218,  0.0422, -0.0035,
         0.0162, -0.0554, -0.0068, -0.0632, -0.0081,  0.0058, -0.0218,  0.0272,
         0.0271, -0.0472,  0.0236, -0.0101, -0.0164,  0.0115,  0.0257, -0.0469,
         0.0370,  0.0100,  0.0317,  0.0373, -0.0332, -0.0377, -0.0513, -0.0506,
         0.0038,  0.0514,  0.0448, -0.0435, -0.0216,  0.0302, -0.0162,  0.0428,
        -0.0121,  0.0165, -0.0458, -0.0360, -0.0090, -0.0304, -0.0163, -0.0200,
        -0.0423, -0.0284,  0.0446,  0.0128, -0.0264, -0.0290,  0.0080, -0.0430,
         0.0039, -0.0438, -0.0833, -0.0727, -0.0370,  0.0119, -0.0068, -0.0284,
        -0.0012,  0.0421, -0.0025, -0.0029, -0.0529, -0.0048,  0.0090,  0.0058,
        -0.0049, -0.0381,  0.0371, -0.0268, -0.0041,  0.0012, -0.0007, -0.0425,
        -0.0168, -0.0177, -0.0283, -0.0344, -0.0505, -0.0572, -0.0655, -0.0540,
        -0.0388,  0.0139, -0.0152, -0.0147,  0.0131, -0.0182, -0.0189, -0.0176,
        -0.0600, -0.0156, -0.0665,  0.0395, -0.0006, -0.0054, -0.0391, -0.0430,
         0.0272,  0.0217,  0.0521, -0.0286,  0.0345, -0.0400, -0.0016,  0.0226,
        -0.0662, -0.0319, -0.0127, -0.0440,  0.0125, -0.0301,  0.0348, -0.0143,
         0.0237,  0.0182, -0.0653, -0.0003, -0.0334, -0.0001, -0.0601, -0.0447,
        -0.0385,  0.0312,  0.0442,  0.0211,  0.0479, -0.0162, -0.0164,  0.0245,
         0.0122,  0.0099,  0.0004,  0.0277,  0.0077,  0.0084, -0.0069,  0.0154,
        -0.0108,  0.0099, -0.0202,  0.0004,  0.0524, -0.0418,  0.0303, -0.0299,
        -0.0076,  0.0121, -0.0082, -0.0311, -0.0267, -0.0100, -0.0521, -0.0064,
         0.0415,  0.0143, -0.0015,  0.0001,  0.0212, -0.0359,  0.0091,  0.0029,
        -0.0318, -0.0216, -0.0389, -0.0067,  0.0037,  0.0128,  0.0024,  0.0065,
         0.0641, -0.0135,  0.0048, -0.0135, -0.0049,  0.0385,  0.0090,  0.0148,
         0.0322,  0.0154, -0.0436, -0.0451, -0.0109,  0.0237, -0.0325,  0.0117],
       device='cuda:1', requires_grad=True), Parameter containing:
tensor([[-2.2288, -1.3854,  1.9227, -0.5375,  2.8595, -1.2363,  0.3747, -0.9407,
          1.3132, -1.7860],
        [ 3.2118, -0.2372, -1.0826,  1.5230,  0.9547,  0.1997,  0.1805, -3.4414,
         -2.2107, -1.8049],
        [-2.4737, -0.2573, -0.6599, -3.8142, -2.0574,  0.0129,  0.3998,  1.3928,
         -1.1141,  1.9891],
        [ 1.4356, -2.0304, -0.3418,  1.7029,  3.0293,  0.7791, -0.4748,  2.6357,
         -1.2076,  0.8673],
        [ 1.6150, -0.0690, -1.0283,  2.1830, -2.2004,  2.3974, -0.4352, -2.5202,
          1.8867,  0.7097],
        [-2.6126, -0.0628, -2.1235,  0.9453,  2.1858, -0.7726,  0.2066, -2.6461,
         -0.7012, -0.2125],
        [ 4.0579, -0.4098, -0.8794,  1.0386, -0.7289,  0.7189, -0.6764, -2.5065,
         -0.2628,  1.3501],
        [-0.5727, -0.0229, -1.0832,  2.3244,  2.2910, -1.5376, -0.5597,  0.8606,
          0.1389,  1.0510],
        [-2.3258,  1.7647, -1.4094,  0.5769,  1.7163,  1.9616, -2.0475,  0.3666,
          3.0045,  1.7794],
        [ 0.9860, -0.4078,  0.3730, -0.7607,  0.7593, -1.5669, -0.1129,  0.5939,
          3.2016,  0.5301]], device='cuda:1', requires_grad=True), Parameter containing:
tensor([[ 7.2877e-01,  5.1447e-01,  5.3573e-01,  4.8913e-01, -2.4958e-01,
          7.9181e-01,  1.1469e-01,  7.2065e-02,  9.0865e-01,  6.2852e-01],
        [ 1.0763e+00,  1.9668e-01,  6.1382e-01,  1.8855e-01, -3.3581e-01,
          5.4944e-02, -1.6942e-01,  1.0782e+00,  7.3065e-01,  1.1693e+00],
        [ 9.9253e-01,  1.5821e+00,  1.6062e+00, -3.9567e-01,  2.3075e-01,
          2.2517e+00,  7.1905e-01,  1.0890e+00, -1.0231e+00,  1.6921e-03],
        [-1.0056e-01,  2.7161e+00,  5.6213e-02, -5.9705e-01, -7.1728e-01,
          3.2200e-02, -6.5798e-01,  2.4347e-01,  1.5401e+00,  5.5995e-01],
        [ 1.1361e+00,  4.7972e-01,  9.6065e-01,  4.6621e-02,  3.0110e-01,
          1.0746e-01,  4.2311e-01,  4.8219e-01,  8.6067e-01,  7.0416e-01],
        [ 6.3061e-01,  1.4438e+00,  1.2385e+00,  6.8036e-01,  1.2080e-01,
          1.3762e+00,  1.0719e-01,  4.4032e-01,  1.0442e+00,  9.7376e-01],
        [ 1.7873e+00,  7.4325e-01,  7.9904e-01,  7.2503e-01,  4.1690e-01,
          1.0964e+00,  4.7990e-01,  1.2897e+00,  1.2587e+00,  1.2171e+00],
        [-3.2452e-01, -3.6243e-01, -2.2107e-01, -7.5662e-02,  1.0659e-01,
          2.8701e-01,  3.6594e-01,  9.8591e-01,  2.4492e-01,  9.5255e-01],
        [ 6.2826e-01,  1.1816e+00,  4.0636e-01, -3.6993e-01, -1.8387e-01,
          3.1081e-01, -3.8657e-01, -1.8794e-01,  1.1063e+00, -8.3115e-01],
        [ 6.5122e-01,  2.6822e+00,  8.7605e-01,  4.3492e-01,  3.6314e-01,
          8.9238e-01,  5.9933e-01,  6.3215e-01,  8.8731e-01,  7.2484e-01]],
       device='cuda:1', requires_grad=True), Parameter containing:
tensor([-0.3579, -0.9145,  1.4228,  1.0440, -1.2799,  1.2015, -0.2686, -4.1501,
         0.2843, -1.7122], device='cuda:1', requires_grad=True)]
